filename,code_snippet,code_type,count_A1,count_A2,count_B1,count_B2,count_C1,count_C2
janbjorge__pgqueuer__pr2259303873__20251223_042159__da022f595e3209832b2f1c2c3c1892959a4c02c4__cli_after,"['@property\n    def', '@app.callback()\ndef', '@app.command(help=""Install the necessary database schema for PGQueuer."")\ndef', '@app.command(help=""Remove the PGQueuer schema from the database."")\ndef', '@app.command(help=""Apply upgrades to the existing PGQueuer database schema."")\ndef', '@app.command(help=""Display a live dashboard showing job statistics."")\ndef', '@app.command(help=""Listen to a PostgreSQL NOTIFY channel for debug purposes."")\ndef', '@app.command(help=""Start a QueueManager to manage and process jobs."")\ndef', '@app.command(help=""Manage schedules in the PGQueuer system."")\ndef', '@dataclass\nclass', 'if __name__ == ""__main__"":', 'while True:', 'while True:', 'raise RuntimeError(""Neither asyncpg nor psycopg could be imported."")', 'import annotations\n', 'import asyncio\n', 'import contextlib\n', 'import os\n', 'import dataclass\n', 'import timedelta\n', 'import typer\n', 'import uvloop\n', 'import tabulate\n', 'import Context\n', 'import asyncpg\n', 'import psycopg\n', 'from __future__ import annotations\n\nimport asyncio\n', 'from dataclasses import dataclass\n', 'from datetime import timedelta\n', 'from typing import Awaitable, Callable\n\nimport typer\n', 'from tabulate import tabulate\n', 'from typer import Context\n', 'def setup_env(self) -> None:\n', 'def dsn(self) -> str:\n', 'def run() -> None:\n', 'def run() -> None:\n', 'def run() -> None:\n', 'def factory() -> queries.Queries:\n', 'def run() -> None:\n', 'def run() -> None:\n', 'def run_async() -> None:\n', 'return dsn\n', 'return\n        await asyncio.sleep(interval.total_seconds())\n', 'return queries.Queries(db.AsyncpgDriver(await asyncpg.connect(dsn=conninfo)))\n', 'return queries.Queries(\n', 'return await query_adapter(config.dsn)\n', 'return factory\n', 'if self.prefix:\n            os.environ[""PGQUEUER_PREFIX""] = self.prefix\n', 'if self.pg_schema is not None:\n            dsn = helpers.add_schema_to_dsn(dsn, self.pg_schema)\n', 'if interval is None:\n            return\n', 'if not dry_run:\n        uvloop.run(run())\n', 'if not dry_run:\n            await (await query_adapter(config.dsn)).uninstall()\n', 'if not dry_run:\n            await (await query_adapter(config.dsn)).upgrade()\n', 'if remove:\n            schedule_ids = {models.ScheduleId(int(x)) for x in remove if x.isdigit()}\n', 'if __name__ == ""__main__"":\n    app(prog_name=""pgqueuer"")\n', 'print(repr((await queue.get()).root))', 'print(clear_and_home, end="""")', 'print(queries.qb.QueryBuilderEnvironment().create_install_query())', 'print(queries.qb.QueryBuilderEnvironment().create_uninstall_query())', 'print(f""\\n{\'-\'*50}\\n"".join(queries.qb.QueryBuilderEnvironment().create_upgrade_queries()))', 'app = typer.Typer(', 'no_args_is_help=True,', 'pretty_exceptions_show_locals=False,', 'os.environ[""PGQUEUER_PREFIX""] = self.prefix', 'dsn = self.pg_dsn or db.dsn(', 'database=self.pg_database,', 'password=self.pg_password,', 'port=self.pg_port,', 'user=self.pg_user,', 'host=self.pg_host,', 'dsn = helpers.add_schema_to_dsn(dsn, self.pg_schema)', 'prefix: str = typer.Option("""", help=""Prefix for pgqueuer objects."", envvar=""PGQUEUER_PREFIX""),', 'pg_dsn: str = typer.Option(None, help=""Database DSN."", envvar=""PGDSN""),', 'pg_host: str = typer.Option(None, help=""Database host."", envvar=""PGHOST""),', 'pg_port: str = typer.Option(""5432"", help=""Database port."", envvar=""PGPORT""),', 'pg_user: str = typer.Option(None, help=""Database user."", envvar=""PGUSER""),', 'pg_database: str = typer.Option(None, help=""Database name."", envvar=""PGDATABASE""),', 'pg_password: str = typer.Option(None, help=""Database password."", envvar=""PGPASSWORD""),', 'pg_schema: str = typer.Option(None, help=""Database schema."", envvar=""PGSCHEMA""),', 'config = AppConfig(', 'prefix=prefix,', 'pg_dsn=pg_dsn,', 'pg_host=pg_host,', 'pg_port=pg_port,', 'pg_user=pg_user,', 'pg_database=pg_database,', 'pg_password=pg_password,', 'pg_schema=pg_schema,', 'ctx.obj = config', 'tablefmt=os.environ.get(qb.add_prefix(""TABLEFMT""), ""pretty""),', 'queue = asyncio.Queue[models.AnyEvent]()', 'tablefmt=os.environ.get(qb.add_prefix(""TABLEFMT""), ""pretty""),', 'return queries.Queries(db.AsyncpgDriver(await asyncpg.connect(dsn=conninfo)))', 'await psycopg.AsyncConnection.connect(conninfo=conninfo, autocommit=True)', 'dry_run: bool = typer.Option(False, help=""Print SQL only.""),', 'config: AppConfig = ctx.obj', 'dry_run: bool = typer.Option(False, help=""Print SQL only.""),', 'config: AppConfig = ctx.obj', 'dry_run: bool = typer.Option(False, help=""Print SQL only.""),', 'config: AppConfig = ctx.obj', 'config: AppConfig = ctx.obj', 'factory_fn_ref: str | None = typer.Option(', 'interval: float | None = typer.Option(None, ""-i"", ""--interval""),', 'tail: int = typer.Option(25, ""-n"", ""--tail""),', 'interval_td = timedelta(seconds=interval) if interval is not None else None', 'channel: str = typer.Option(qb.DBSettings().channel, ""--channel""),', 'config: AppConfig = ctx.obj', 'factory_fn: str = typer.Argument(...),', 'dequeue_timeout: float = typer.Option(30.0, ""--dequeue-timeout""),', 'batch_size: int = typer.Option(10, ""--batch-size""),', 'restart_delay: float = typer.Option(5.0, ""--restart-delay""),', 'restart_on_failure: bool = typer.Option(False, ""--restart-on-failure""),', 'dequeue_timeout=timedelta(seconds=dequeue_timeout),', 'batch_size=batch_size,', 'restart_delay=timedelta(seconds=restart_delay if restart_on_failure else 0),', 'restart_on_failure=restart_on_failure,', 'shutdown=asyncio.Event(),', 'remove: list[str] = typer.Option([], ""-r"", ""--remove""),', 'config: AppConfig = ctx.obj', 'q = await query_adapter(config.dsn)', 'schedule_ids = {models.ScheduleId(int(x)) for x in remove if x.isdigit()}', 'schedule_names = {x for x in remove if not x.isdigit()}', 'schedule_ids = {models.ScheduleId(int(x)) for x in remove if x.isdigit()}', 'schedule_names = {x for x in remove if not x.isdigit()}', 'str:\n        dsn = self', 'None:\n            dsn = helpers', 'prefix: str = typer', 'pg_dsn: str = typer', 'pg_host: str = typer', 'pg_port: str = typer', 'pg_user: str = typer', 'pg_database: str = typer', 'pg_password: str = typer', 'pg_schema: str = typer', 'None:\n    config = AppConfig', 'None:\n    queue = asyncio', 'dry_run: bool = typer', 'config: AppConfig = ctx', 'dry_run: bool = typer', 'config: AppConfig = ctx', 'dry_run: bool = typer', 'config: AppConfig = ctx', 'config: AppConfig = ctx', 'tail: int = typer', 'None:\n    interval_td = timedelta', 'channel: str = typer', 'config: AppConfig = ctx', 'factory_fn: str = typer', 'dequeue_timeout: float = typer', 'batch_size: int = typer', 'restart_delay: float = typer', 'restart_on_failure: bool = typer', 'config: AppConfig = ctx', 'None:\n        q = await', 'real-time', 'dequeue-timeout', 'batch-size', 'restart-delay', 'restart-on', ' not None', ' not dry_run', ' not dry_run', ' not dry_run', ' not None', ' not x', 'com/janbjorge', 'timedelta | None', 'str | None', 'float | None', 'prefix\n\n    @property', 'dsn\n\n\n@app', 'factory\n\n\n@app', 'documentation and examples:']","['decaratorfunc', 'decaratorfunc', 'decaratorfunc', 'decaratorfunc', 'decaratorfunc', 'decaratorfunc', 'decaratorfunc', 'decaratorfunc', 'decaratorfunc', 'decaratorclass', '__name__', 'whilesimple', 'whilesimple', 'raise', 'importfunc', 'importfunc', 'importfunc', 'importfunc', 'importfunc', 'importfunc', 'importfunc', 'importfunc', 'importfunc', 'importfunc', 'importfunc', 'importfunc', 'importfromsimple', 'importfromsimple', 'importfromsimple', 'importfromsimple', 'importfromsimple', 'importfromsimple', 'simplefunc', 'simplefunc', 'simplefunc', 'simplefunc', 'simplefunc', 'simplefunc', 'simplefunc', 'simplefunc', 'simplefunc', 'return', 'return', 'return', 'return', 'return', 'return', 'simpleif', 'simpleif', 'simpleif', 'simpleif', 'simpleif', 'simpleif', 'simpleif', 'simpleif', 'printfunc', 'printfunc', 'printfunc', 'printfunc', 'printfunc', 'simpleAssign', 'simpleAssign', 'simpleAssign', 'simpleAssign', 'simpleAssign', 'simpleAssign', 'simpleAssign', 'simpleAssign', 'simpleAssign', 'simpleAssign', 'simpleAssign', 'simpleAssign', 'simpleAssign', 'simpleAssign', 'simpleAssign', 'simpleAssign', 'simpleAssign', 'simpleAssign', 'simpleAssign', 'simpleAssign', 'simpleAssign', 'simpleAssign', 'simpleAssign', 'simpleAssign', 'simpleAssign', 'simpleAssign', 'simpleAssign', 'simpleAssign', 'simpleAssign', 'simpleAssign', 'simpleAssign', 'simpleAssign', 'simpleAssign', 'simpleAssign', 'simpleAssign', 'simpleAssign', 'simpleAssign', 'simpleAssign', 'simpleAssign', 'simpleAssign', 'simpleAssign', 'simpleAssign', 'simpleAssign', 'simpleAssign', 'simpleAssign', 'simpleAssign', 'simpleAssign', 'simpleAssign', 'simpleAssign', 'simpleAssign', 'simpleAssign', 'simpleAssign', 'simpleAssign', 'simpleAssign', 'simpleAssign', 'simpleAssign', 'simpleAssign', 'simpleAssign', 'simpleAssign', 'simpleAssign', 'simpleSet', 'simpleSet', 'setComprehension', 'setComprehension', 'annAssign', 'annAssign', 'annAssign', 'annAssign', 'annAssign', 'annAssign', 'annAssign', 'annAssign', 'annAssign', 'annAssign', 'annAssign', 'annAssign', 'annAssign', 'annAssign', 'annAssign', 'annAssign', 'annAssign', 'annAssign', 'annAssign', 'annAssign', 'annAssign', 'annAssign', 'annAssign', 'annAssign', 'annAssign', 'annAssign', 'annAssign', 'annAssign', 'annAssign', 'annAssign', 'biSub', 'biSub', 'biSub', 'biSub', 'biSub', 'unaryNot', 'unaryNot', 'unaryNot', 'unaryNot', 'unaryNot', 'unaryNot', 'bidivide', 'bitOr', 'bitOr', 'bitOr', 'mathMul', 'mathMul', 'mathMul', 'boolAnd']",125,23,10,4,10,1
janbjorge__pgqueuer__pr2475411025__20251223_042135__da25653fe65c900b88a2fec3a01a578a0faed373__test_drivers_after,"['@asynccontextmanager\nasync def', '@asynccontextmanager\nasync def', '@asynccontextmanager\nasync def', '@asynccontextmanager\nasync def', '@pytest.mark.parametrize(""driver"", drivers())\nasync def', '@pytest.mark.parametrize(""driver"", drivers())\nasync def', '@pytest.mark.parametrize(""driver"", drivers())\nasync def', '@pytest.mark.parametrize(""driver"", drivers())\nasync def', '@pytest.mark.parametrize(""driver"", drivers())\nasync def', 'name = d.__class__', 'name = d.__class__', 'try:\n        yield conn\n    finally:', 'assert list(await d.fetch(""SELECT 1 as one, 2 as two"")) == [{""one"": 1, ""two"": 2}]', 'assert result == [{""one"": 1}]', 'assert result == [{""two"": 2}]', 'assert result == [{""one"": 1}]', 'try:\n                await d.execute(rolledback(sql))\n            except psycopg.errors.ProgrammingError as exc:\n                assert ""query parameter missing"" in str(exc)\n        else:', 'try:\n                await d.execute(rolledback(sql))\n            except psycopg.errors.ProgrammingError as exc:', 'raise NotADirectoryError(d)', 'assert list(await d.fetch(""SELECT 1 as one, 2 as two"")) == [{""one"": 1, ""two"": 2}]\n', 'assert await asyncio.wait_for(event, timeout=1) == payload\n', 'assert (await asyncio.wait_for(listener.get(), timeout=1)) == payload\n', 'assert _named_parameter(args) == {}\n', 'assert _named_parameter(args) == expected\n', 'assert _named_parameter(args) == expected\n', 'assert _named_parameter(args) == expected\n', 'assert _named_parameter(args) == expected\n', 'assert _named_parameter(args) == expected\n', 'assert _replace_dollar_named_parameter(query) == expected\n', 'assert _replace_dollar_named_parameter(query) == expected\n', 'assert _replace_dollar_named_parameter(query) == expected\n', 'assert _replace_dollar_named_parameter(query) == expected\n', 'assert _replace_dollar_named_parameter(query) == expected\n', 'assert _replace_dollar_named_parameter(query) == expected\n', 'assert _replace_dollar_named_parameter(query) == expected\n', 'assert _replace_dollar_named_parameter(query) == expected\n', 'assert result == [{""one"": 1}]\n', 'assert result == [{""two"": 2}]\n', 'assert result == [{""one"": 1}]\n', 'expected = {""parameter_1"": 42}', 'expected = {""parameter_1"": 42, ""parameter_2"": ""test"", ""parameter_3"": 3.14}', 'expected = {""parameter_1"": None, ""parameter_2"": ""test""}', 'expected = {""parameter_1"": ""@#$"", ""parameter_2"": ""test"", ""parameter_3"": ""123""}', 'import asyncio\n', 'import inspect\n', 'import asyncpg\n', 'import psycopg\n', 'import pytest\n', 'import dsn\n', 'import utc_now\n', 'import TableChangedEvent\n', 'import Channel\n', 'from typing import AsyncContextManager, AsyncGenerator, Callable\n\nimport asyncpg\n', 'from conftest import dsn\n', 'from pgqueuer.helpers import utc_now\n', 'from pgqueuer.models import TableChangedEvent\n', 'from pgqueuer.types import Channel\n', 'def asyncpg_connect() -> AsyncGenerator[asyncpg.Connection, None]:\n', 'def apgdriver() -> AsyncGenerator[AsyncpgDriver, None]:\n', 'def apgpooldriver() -> AsyncGenerator[AsyncpgPoolDriver, None]:\n', 'def psydriver() -> AsyncGenerator[PsycopgDriver, None]:\n', 'def drivers() -> tuple[Callable[..., AsyncContextManager[Driver]], ...]:\n', 'def test_named_parameter_empty() -> None:\n', 'def test_named_parameter_single() -> None:\n', 'def test_named_parameter_multiple() -> None:\n', 'def test_named_parameter_with_none() -> None:\n', 'def test_named_parameter_with_special_characters() -> None:\n', 'def test_named_parameter_with_mixed_types() -> None:\n', 'def test_replace_dollar_named_parameter_no_dollars() -> None:\n', 'def test_replace_dollar_named_parameter_single() -> None:\n', 'def test_replace_dollar_named_parameter_multiple() -> None:\n', 'def test_replace_dollar_named_parameter_repeated() -> None:\n', 'def test_replace_dollar_named_parameter_non_sequential() -> None:\n', 'def test_replace_dollar_named_parameter_mixed() -> None:\n', 'def test_replace_dollar_named_parameter_edge_case() -> None:\n', 'def test_replace_dollar_named_parameter_large_numbers() -> None:\n', 'def test_no_autocommit_raises() -> None:\n', 'return [\n', 'return (\n', 'return f""BEGIN; {sql}; ROLLBACK;""\n', 'if name == ""build_install_query"":\n        pytest.skip()\n', 'if isinstance(d, AsyncpgDriver | AsyncpgPoolDriver):\n            with suppress(asyncpg.exceptions.UndefinedParameterError):\n', 'if isinstance(d, PsycopgDriver):\n            try:\n', 'args = (42,)', 'args = (42, ""test"", 3.14)', 'args = (None, ""test"")', 'args = (""@#$"", ""test"", ""123"")', 'args = (42, ""test"", 3.14, None, True)', 'assert list(await d.fetch(""SELECT 1 as one, 2 as two"")) == [{""one"": 1, ""two"": 2}]', 'assert result == [{""one"": 1}]', 'assert result == [{""two"": 2}]', 'assert result == [{""one"": 1}]', 'conn = await asyncpg.connect(dsn=dsn())', 'asyncpg.create_pool(dsn=dsn()) as pool,', 'conninfo=dsn(),', 'autocommit=True,', 'event = asyncio.Future[str | bytearray | bytes]()', 'name = d.__class__.__name__.lower()', 'payload = f""hello_from_{name}""', 'channel = f""test_notify_{name}""', 'DBSettings(channel=channel),', 'assert await asyncio.wait_for(event, timeout=1) == payload', 'sql = query()', 'sql = sql if isinstance(sql, str) else f""\\n{\'-\' * 50}\\n"".join(x for x in sql)', 'name = d.__class__.__name__.lower()', 'channel = Channel(f""test_event_listener_{name}"")', 'payload = TableChangedEvent(', 'channel=channel,', 'sent_at=utc_now(),', 'listener = PGNoticeEventListener()', 'notice_event_queue=listener,', 'QueryQueueBuilder(DBSettings(channel=channel)).build_notify_query(),', 'assert (await asyncio.wait_for(listener.get(), timeout=1)) == payload', 'assert _named_parameter(args) == expected', 'assert _named_parameter(args) == expected', 'assert _named_parameter(args) == expected', 'assert _named_parameter(args) == expected', 'assert _named_parameter(args) == expected', 'expected = query', 'assert _replace_dollar_named_parameter(query) == expected', 'assert _replace_dollar_named_parameter(query) == expected', 'assert _replace_dollar_named_parameter(query) == expected', 'assert _replace_dollar_named_parameter(query) == expected', 'assert _replace_dollar_named_parameter(query) == expected', 'assert _replace_dollar_named_parameter(query) == expected', 'assert _replace_dollar_named_parameter(query) == expected', 'assert _replace_dollar_named_parameter(query) == expected', 'result = await d.fetch(""SELECT 1 as one"")', 'result = await d.fetch(""SELECT 2 as two"")', 'result = pgdriver.fetch(""SELECT 1 as one"")', 'async with await psycopg.AsyncConnection.connect(conninfo=dsn()) as conn:', 'statistics={}', 'canceled={}', 'assert _named_parameter(args) == {}', 'expected = {""parameter_1"": 42}', 'expected = {""parameter_1"": 42, ""parameter_2"": ""test"", ""parameter_3"": 3.14}', 'expected = {""parameter_1"": None, ""parameter_2"": ""test""}', 'expected = {""parameter_1"": ""@#$"", ""parameter_2"": ""test"", ""parameter_3"": ""123""}', 'None:\n    event = asyncio', 'd:\n        name = d', 'd:\n        name = d', 'non-sequential', ' not name', ' not pick', ' not pick', 'str | bytearray', 'AsyncpgDriver | AsyncpgPoolDriver', 'x\n\n\n@asynccontextmanager', 'x\n\n\n@asynccontextmanager', 'payload\n\n\n@pytest', 'expected\n\n\n@pytest']","['decaratorfunc', 'decaratorfunc', 'decaratorfunc', 'decaratorfunc', 'decaratorfunc', 'decaratorfunc', 'decaratorfunc', 'decaratorfunc', 'decaratorfunc', '__class__', '__class__', 'tryfinally', 'listwithdict', 'listwithdict', 'listwithdict', 'listwithdict', 'tryexceptelse', 'tryexcept', 'raise', 'assert', 'assert', 'assert', 'assert', 'assert', 'assert', 'assert', 'assert', 'assert', 'assert', 'assert', 'assert', 'assert', 'assert', 'assert', 'assert', 'assert', 'assert', 'assert', 'assert', 'simpleDict', 'simpleDict', 'simpleDict', 'simpleDict', 'importfunc', 'importfunc', 'importfunc', 'importfunc', 'importfunc', 'importfunc', 'importfunc', 'importfunc', 'importfunc', 'importfromsimple', 'importfromsimple', 'importfromsimple', 'importfromsimple', 'importfromsimple', 'simplefunc', 'simplefunc', 'simplefunc', 'simplefunc', 'simplefunc', 'simplefunc', 'simplefunc', 'simplefunc', 'simplefunc', 'simplefunc', 'simplefunc', 'simplefunc', 'simplefunc', 'simplefunc', 'simplefunc', 'simplefunc', 'simplefunc', 'simplefunc', 'simplefunc', 'simplefunc', 'return', 'return', 'return', 'simpleif', 'simpleif', 'simpleif', 'simpleTuple', 'simpleTuple', 'simpleTuple', 'simpleTuple', 'simpleTuple', 'simpleList', 'simpleList', 'simpleList', 'simpleList', 'simpleAssign', 'simpleAssign', 'simpleAssign', 'simpleAssign', 'simpleAssign', 'simpleAssign', 'simpleAssign', 'simpleAssign', 'simpleAssign', 'simpleAssign', 'simpleAssign', 'simpleAssign', 'simpleAssign', 'simpleAssign', 'simpleAssign', 'simpleAssign', 'simpleAssign', 'simpleAssign', 'simpleAssign', 'simpleAssign', 'simpleAssign', 'simpleAssign', 'simpleAssign', 'simpleAssign', 'simpleAssign', 'simpleAssign', 'simpleAssign', 'simpleAssign', 'simpleAssign', 'simpleAssign', 'simpleAssign', 'simpleAssign', 'simpleAssign', 'simpleAssign', 'simpleAssign', 'simpleAssign', 'simpleAssign', 'simpleAssign', 'simpleAssign', 'simpleSet', 'simpleSet', 'simpleSet', 'simpleSet', 'simpleSet', 'simpleSet', 'simpleSet', 'annAssign', 'annAssign', 'annAssign', 'biSub', 'unaryNot', 'unaryNot', 'unaryNot', 'bitOr', 'bitOr', 'mathMul', 'mathMul', 'mathMul', 'mathMul']",54,40,18,25,13,1
janbjorge__pgqueuer__pr2274981373__20251223_042138__ca9d1d606019a085d23cab04f9b11d9ad268fc15__benchmark_before,"['@app.command()\ndef', 'queries = [await make_queries(settings.driver, dsn()) for _ in range(settings.dequeue)]', 'if __name__ == ""__main__"":', 'with open(settings.output_json, ""w"") as f:', 'while not shutdown.is_set():', 'class BenchmarkResult(BaseModel):', 'class Settings(BaseModel):', 'raise NotImplementedError(driver)', 'assert len(entrypoint_rps) == 2\n', 'assert batch_size > 0\n', 'with open(settings.output_json, ""w"")', 'import annotations\n', 'import asyncio\n', 'import json\n', 'import os\n', 'import random\n', 'import signal\n', 'import sys\n', 'import suppress\n', 'import Enum\n', 'import count\n', 'import Path\n', 'import typer\n', 'import uvloop\n', 'import tabulate\n', 'import tqdm\n', 'import PgQueuer\n', 'import Job\n', 'import add_prefix\n', 'import Queries\n', 'import asyncpg\n', 'import asyncpg\n', 'import psycopg\n', 'from __future__ import annotations\n\nimport asyncio\n', 'from contextlib import suppress\n', 'from enum import Enum\n', 'from itertools import count\n', 'from pathlib import Path\n\nimport typer\n', 'from tabulate import tabulate\n', 'from tqdm.asyncio import tqdm\n', 'from pgqueuer import PgQueuer\n', 'from pgqueuer.models import Job\n', 'from pgqueuer.qb import add_prefix\n', 'from pgqueuer.queries import Queries\n', 'range(batch_size)', 'range(settings.enqueue)', 'range(settings.dequeue)', 'def pretty_print(self) -> None:\n', 'def pretty_print(self) -> None:\n', 'def shutdown_timer() -> None:\n', 'def graceful_shutdown() -> None:\n', 'return Queries(AsyncpgDriver(await asyncpg.connect(dsn=conninfo)))\n', 'return Queries(AsyncpgPoolDriver(pool))\n', 'return Queries(\n', 'if settings.output_json:\n        with open(settings.output_json, ""w"") as f:\n', 'if __name__ == ""__main__"":\n    with suppress(KeyboardInterrupt):\n', 'print(self)', 'print(self)', 'print()', 'print()', 'colalign=(""left"", ""left""),\n            )', 'colalign=(""left"", ""left""),\n            )', 'headers=[""Field"", ""Value""]', 'headers=[""Field"", ""Value""]', 'entrypoints = [""syncfetch"", ""asyncfetch""]', 'queries = [await make_queries(settings.driver, dsn()) for _ in range(settings.dequeue)]', 'for q in queries:', 'for q in pgqs:', 'for p in pending:', 'for qm in pgqs:', 'app = typer.Typer()', 'tablefmt=os.environ.get(add_prefix(""TABLEFMT""), ""pretty""),', 'driver: DriverEnum = typer.Option(', 'timer: timedelta = typer.Option(', 'dequeue: int = typer.Option(', 'dequeue_batch_size: int = typer.Option(', 'enqueue: int = typer.Option(', 'enqueue_batch_size: int = typer.Option(', 'requests_per_second: list[float] = typer.Option(', 'concurrency_limit: list[int] = typer.Option(', 'output_json: Path | None = typer.Option(', 'tablefmt=os.environ.get(add_prefix(""TABLEFMT""), ""pretty""),', 'return Queries(AsyncpgDriver(await asyncpg.connect(dsn=conninfo)))', 'pool = await asyncpg.create_pool(dsn=conninfo)', 'conninfo=conninfo,', 'autocommit=True,', 'assert len(entrypoint_rps) == 2', 'async_rps, sync_rps = entrypoint_rps', 'async_cl, sync_cl = concurrency_limits', 'requests_per_second=async_rps,', 'concurrency_limit=async_cl,', 'requests_per_second=sync_rps,', 'concurrency_limit=sync_cl,', 'await pgq.run(batch_size=batch_size)', 'random.sample(entrypoints, k=batch_size),', 'shutdown = asyncio.Event()', 'pgqs = list[PgQueuer]()', 'cnt = count()', 'with tqdm(ascii=True, unit="" job"", unit_scale=True, file=sys.stdout) as bar:', 'pgq=pgq,', 'batch_size=settings.dequeue_batch_size,', 'entrypoint_rps=settings.requests_per_second,', 'concurrency_limits=settings.concurrency_limit,', 'bar=bar,', '_, pending = await asyncio.wait(', 'return_when=asyncio.FIRST_COMPLETED,', 'loop = asyncio.get_event_loop()', 'qsize = await (await make_queries(settings.driver, dsn())).queue_size()', 'benchmark_result = BenchmarkResult(', 'created_at=datetime.now(timezone.utc),', 'driver=settings.driver,', 'elapsed=tqdm_format_dict[""elapsed""],', 'github_ref_name=os.environ.get(""REF_NAME"", """"),', 'queued=sum(x.count for x in qsize),', 'rate=float(tqdm_format_dict[""n""]) / float(tqdm_format_dict[""elapsed""]),', 'steps=tqdm_format_dict[""n""],', 'driver: DriverEnum = typer.Option(', 'timer: float = typer.Option(', 'dequeue: int = typer.Option(', 'dequeue_batch_size: int = typer.Option(', 'enqueue: int = typer.Option(', 'enqueue_batch_size: int = typer.Option(', 'requests_per_second: list[float] = typer.Option(', 'concurrency_limit: list[int] = typer.Option(', 'output_json: Path | None = typer.Option(', 'settings = Settings(', 'driver=driver,', 'timer=timer,', 'dequeue=dequeue,', 'dequeue_batch_size=dequeue_batch_size,', 'enqueue=enqueue,', 'enqueue_batch_size=enqueue_batch_size,', 'requests_per_second=requests_per_second,', 'concurrency_limit=concurrency_limit,', 'output_json=output_json,', 'match driver:\n        case ""apg"":', 'match driver:\n        case ""apg"":', 'tqdm_format_dict = {}', 'driver: DriverEnum = typer', 'timer: timedelta = typer', 'dequeue: int = typer', 'dequeue_batch_size: int = typer', 'enqueue: int = typer', 'enqueue_batch_size: int = typer', 'None:\n        cnt = count', 'driver: DriverEnum = typer', 'timer: float = typer', 'dequeue: int = typer', 'dequeue_batch_size: int = typer', 'enqueue: int = typer', 'enqueue_batch_size: int = typer', ' not None', ' not shutdown', 'Path | None', 'Path | None', 'concurrency_limits\n\n    @pgq']","['decaratorfunc', 'simpleListComp', '__name__', 'withfunc', 'whilesimple', 'simpleclass', 'simpleclass', 'raise', 'assert', 'assert', 'openfunc', 'importfunc', 'importfunc', 'importfunc', 'importfunc', 'importfunc', 'importfunc', 'importfunc', 'importfunc', 'importfunc', 'importfunc', 'importfunc', 'importfunc', 'importfunc', 'importfunc', 'importfunc', 'importfunc', 'importfunc', 'importfunc', 'importfunc', 'importfunc', 'importfunc', 'importfunc', 'importfromsimple', 'importfromsimple', 'importfromsimple', 'importfromsimple', 'importfromsimple', 'importfromsimple', 'importfromsimple', 'importfromsimple', 'importfromsimple', 'importfromsimple', 'importfromsimple', 'rangefunc', 'rangefunc', 'rangefunc', 'simplefunc', 'simplefunc', 'simplefunc', 'simplefunc', 'return', 'return', 'return', 'simpleif', 'simpleif', 'printfunc', 'printfunc', 'printfunc', 'printfunc', 'simpleTuple', 'simpleTuple', 'simpleList', 'simpleList', 'simpleList', 'simpleList', 'forsimple', 'forsimple', 'forsimple', 'forsimple', 'simpleAssign', 'simpleAssign', 'simpleAssign', 'simpleAssign', 'simpleAssign', 'simpleAssign', 'simpleAssign', 'simpleAssign', 'simpleAssign', 'simpleAssign', 'simpleAssign', 'simpleAssign', 'simpleAssign', 'simpleAssign', 'simpleAssign', 'simpleAssign', 'simpleAssign', 'simpleAssign', 'simpleAssign', 'simpleAssign', 'simpleAssign', 'simpleAssign', 'simpleAssign', 'simpleAssign', 'simpleAssign', 'simpleAssign', 'simpleAssign', 'simpleAssign', 'simpleAssign', 'simpleAssign', 'simpleAssign', 'simpleAssign', 'simpleAssign', 'simpleAssign', 'simpleAssign', 'simpleAssign', 'simpleAssign', 'simpleAssign', 'simpleAssign', 'simpleAssign', 'simpleAssign', 'simpleAssign', 'simpleAssign', 'simpleAssign', 'simpleAssign', 'simpleAssign', 'simpleAssign', 'simpleAssign', 'simpleAssign', 'simpleAssign', 'simpleAssign', 'simpleAssign', 'simpleAssign', 'simpleAssign', 'simpleAssign', 'simpleAssign', 'simpleAssign', 'simpleAssign', 'simpleAssign', 'simpleAssign', 'simpleAssign', 'simpleAssign', 'simpleAssign', 'simpleAssign', 'simpleAssign', 'matchValue', 'matchCase', 'simpleSet', 'annAssign', 'annAssign', 'annAssign', 'annAssign', 'annAssign', 'annAssign', 'annAssign', 'annAssign', 'annAssign', 'annAssign', 'annAssign', 'annAssign', 'annAssign', 'unaryNot', 'unaryNot', 'bitOr', 'bitOr', 'mathMul']",91,41,15,4,3,0
janbjorge__pgqueuer__pr2475411025__20251223_042131__da25653fe65c900b88a2fec3a01a578a0faed373__listeners_after,"['@router.register(""table_changed_event"")\n    def', '@router.register(""requests_per_second_event"")\n    def', '@router.register(""cancellation_event"")\n    def', '@dataclass\nclass', 'while handling parsed event:', 'try:\n            parsed = models.AnyEvent.model_validate_json(payload)\n        except Exception as exc:\n            logconfig.logger.critical(\n                ""Error parsing notification payload: %s"", payload, exc_info=exc\n            )\n            return\n\n        try:\n            ', 'try:\n            self.handlers[event.type](event)\n        except KeyError as exc:', 'try:\n            parsed = models.AnyEvent.model_validate_json(payload)\n        except Exception as exc:', 'try:\n            event_handler(parsed)\n        except Exception as exc:', 'raise ValueError(f""duplicate handler for {event_type!r}"")', 'raise NotImplementedError(event)', 'import annotations\n', 'import asyncio\n', 'import Callable\n', 'from __future__ import annotations\n\nimport asyncio\n', 'from collections.abc import Callable\n', 'self.handlers[event_type] = func', 'return\n    ``None``.\n', 'return `None`.""""""\n', 'return func\n', 'return decorator\n', 'return router\n', 'return\n\n        try:\n', 'if event_type in self.handlers:\n                raise ValueError(f""duplicate handler for {event_type!r}"")\n', 'if ctx := canceled.get(jid):\n                ctx.cancellation.cancel()\n', 'for entrypoint, count in evt.entrypoint_count.items():', 'for jid in evt.ids:', 'router = build_default_router(...state injections...)', 'EventHandler: TypeAlias = Callable[[models.Event], None]', 'HandlerTypeVar = TypeVar(""HandlerTypeVar"", bound=Callable[..., None])', 'handlers: dict[types.EVENT_TYPES, EventHandler] = field(default_factory=dict, init=False)', 'self.handlers[event_type] = func', 'event = envelope.root', 'router = EventRouter()', 'if ctx := canceled.get(jid):', 'parsed = models.AnyEvent.model_validate_json(payload)', 'Error parsing notification payload: %s"", payload, exc_info=exc', 'Error while handling parsed event: %s"", payload, exc_info=exc', 'EventHandler: TypeAlias = Callable', 'None:\n        event = envelope', 'try:\n            parsed = models', 'if/elif', 'and **must', 'str | bytes']","['decaratorfunc', 'decaratorfunc', 'decaratorfunc', 'decaratorclass', 'whilesimple', 'trytry', 'tryexcept', 'tryexcept', 'tryexcept', 'raise', 'raise', 'importfunc', 'importfunc', 'importfunc', 'importfromsimple', 'importfromsimple', 'simpleattr', 'return', 'return', 'return', 'return', 'return', 'return', 'simpleif', 'simpleif', 'forsimple', 'forsimple', 'simpleAssign', 'simpleAssign', 'simpleAssign', 'simpleAssign', 'simpleAssign', 'simpleAssign', 'simpleAssign', 'simpleAssign', 'simpleAssign', 'simpleAssign', 'simpleAssign', 'annAssign', 'annAssign', 'annAssign', 'bidivide', 'power', 'bitOr']",25,6,5,4,3,1
janbjorge__pgqueuer__pr2327904675__20251223_042154__03d3f070e1d63c543d9313194bbfbd9a3a331db3__types_after,"['class QueueExecutionMode(Enum):', 'import annotations\n', 'import Enum\n', 'from __future__ import annotations\n', 'from enum import Enum\n', 'Channel = NewType(""Channel"", str)', 'PGChannel = Channel  # TODO: Depricate', 'OPERATIONS = Literal[""insert"", ""update"", ""delete"", ""truncate""]', 'EVENT_TYPES = Literal[""table_changed_event"", ""requests_per_second_event"", ""cancellation_event""]', 'JobId = NewType(""JobId"", int)', 'JOB_STATUS = Literal[', 'CronEntrypoint = NewType(""CronEntrypoint"", str)', 'CronExpression = NewType(""CronExpression"", str)', 'ScheduleId = NewType(""ScheduleId"", int)']","['simpleclass', 'importfunc', 'importfunc', 'importfromsimple', 'importfromsimple', 'simpleAssign', 'simpleAssign', 'simpleAssign', 'simpleAssign', 'simpleAssign', 'simpleAssign', 'simpleAssign', 'simpleAssign', 'simpleAssign']",9,2,3,0,0,0
janbjorge__pgqueuer__pr2327904675__20251223_042158__6a94870260760698737ed06eb457b182b6e7f4d5__test_qm_after,"['@pytest.mark.parametrize(""N"", (1, 2, 32))\nasync def', '@c.entrypoint(""fetch"")\n    async def', '@pytest.mark.parametrize(""concurrency"", (1, 2, 3, 4))\nasync def', '@qm.entrypoint(""fetch"")\n        async def', '@pytest.mark.parametrize(""concurrency"", (1, 2, 3, 4))\nasync def', '@qm.entrypoint(""fetch"")\n        def', '@qm.entrypoint(""to_be_picked"")\n    async def', '@qm.entrypoint(""fetch"")\n    async def', '@pytest.mark.parametrize(""N"", (1, 10, 100))\nasync def', '@qm.entrypoint(""fetch"")\n    async def', 'qmpool = [QueueManager(apgdriver) for _ in range(concurrency)]', 'qmpool = [QueueManager(apgdriver) for _ in range(concurrency)]', 'while sum(x.count for x in await q.queue_size()) > 0:', 'while sum(x.count for x in await q.queue_size() if x.entrypoint == ""to_be_picked""):', 'while sum(x.count for x in await q.queue_size()):', 'assert seen == list(range(N))\n', 'assert sorted(seen) == list(range(N))\n', 'assert sorted(seen) == list(range(N))\n', 'assert pikced_by == [""to_be_picked""] * N\n', 'assert sum(s.count for s in await q.queue_size() if s.entrypoint == ""to_be_picked"") == 0\n', 'assert sum(s.count for s in await q.queue_size() if s.entrypoint == ""not_picked"") == N\n', 'assert len(qmids) == 1\n', 'assert len(jobs) == N\n', 'import asyncio\n', 'import time\n', 'import uuid\n', 'import timedelta\n', 'import async_timeout\n', 'import pytest\n', 'import db\n', 'import Job\n', 'import QueueManager\n', 'import Queries\n', 'import QueueExecutionMode\n', 'from datetime import timedelta\n\nimport async_timeout\n', 'from pgqueuer import db\n', 'from pgqueuer.models import Job\n', 'from pgqueuer.qm import QueueManager\n', 'from pgqueuer.queries import Queries\n', 'from pgqueuer.types import QueueExecutionMode\n', 'range(N)', 'range(N))', 'range(concurrency)', 'range(N)', 'range(N))', 'range(concurrency)', 'range(N)', 'range(N))', 'def waiter() -> None:\n', 'def waiter() -> None:\n', 'if x.entrypoint == ""to_be_picked""):\n            await asyncio.sleep(0.01)\n', 'qmpool = [QueueManager(apgdriver) for _ in range(concurrency)]', 'qmpool = [QueueManager(apgdriver) for _ in range(concurrency)]', 'assert pikced_by == [""to_be_picked""]', 'for x in await q.queue_size()) > 0:', 'for qm in qms:', 'for qm in qmpool:', 'for qm in qmpool:', 'for x in await q.queue_size() if x.entrypoint == ""to_be_picked""):', 'for x in await q.queue_size()):', 'c = QueueManager(apgdriver)', 'seen = list[int]()', 'assert seen == list(range(N))', 'q = Queries(apgdriver)', 'seen = list[int]()', 'assert sorted(seen) == list(range(N))', 'q = Queries(apgdriver)', 'seen = list[int]()', 'assert sorted(seen) == list(range(N))', 'N: int = 100,', 'q = Queries(apgdriver)', 'qm = QueueManager(apgdriver)', 'pikced_by = list[str]()', 'qm.run(dequeue_timeout=timedelta(seconds=0.01)),', 'assert sum(s.count for s in await q.queue_size() if s.entrypoint == ""to_be_picked"") == 0', 'assert sum(s.count for s in await q.queue_size() if s.entrypoint == ""not_picked"") == N', 'N: int = 100,', 'q = Queries(apgdriver)', 'qm = QueueManager(apgdriver)', 'qmids = set[uuid.UUID]()', 'qm.run(dequeue_timeout=timedelta(seconds=0.01)),', 'assert len(qmids) == 1', 'q = Queries(apgdriver)', 'qm = QueueManager(apgdriver)', 'jobs = list[Job]()', 'await qm.run(mode=QueueExecutionMode.drain)', 'assert len(jobs) == N', 'None:\n    c = QueueManager', 'None:\n    q = Queries', 'None:\n    q = Queries', 'N: int = 100', 'None:\n    q = Queries', 'N: int = 100', 'None:\n    q = Queries', 'None:\n    q = Queries', ' not None', ' not None', ' not None', ' not None', 'CPU/IO', '1\n\n\n@pytest']","['decaratorfunc', 'decaratorfunc', 'decaratorfunc', 'decaratorfunc', 'decaratorfunc', 'decaratorfunc', 'decaratorfunc', 'decaratorfunc', 'decaratorfunc', 'decaratorfunc', 'simpleListComp', 'simpleListComp', 'whilesimple', 'whilesimple', 'whilesimple', 'assert', 'assert', 'assert', 'assert', 'assert', 'assert', 'assert', 'assert', 'importfunc', 'importfunc', 'importfunc', 'importfunc', 'importfunc', 'importfunc', 'importfunc', 'importfunc', 'importfunc', 'importfunc', 'importfunc', 'importfromsimple', 'importfromsimple', 'importfromsimple', 'importfromsimple', 'importfromsimple', 'importfromsimple', 'rangefunc', 'rangefunc', 'rangefunc', 'rangefunc', 'rangefunc', 'rangefunc', 'rangefunc', 'rangefunc', 'simplefunc', 'simplefunc', 'simpleif', 'simpleList', 'simpleList', 'simpleList', 'forsimple', 'forsimple', 'forsimple', 'forsimple', 'forsimple', 'forsimple', 'simpleAssign', 'simpleAssign', 'simpleAssign', 'simpleAssign', 'simpleAssign', 'simpleAssign', 'simpleAssign', 'simpleAssign', 'simpleAssign', 'simpleAssign', 'simpleAssign', 'simpleAssign', 'simpleAssign', 'simpleAssign', 'simpleAssign', 'simpleAssign', 'simpleAssign', 'simpleAssign', 'simpleAssign', 'simpleAssign', 'simpleAssign', 'simpleAssign', 'simpleAssign', 'simpleAssign', 'simpleAssign', 'simpleAssign', 'simpleAssign', 'annAssign', 'annAssign', 'annAssign', 'annAssign', 'annAssign', 'annAssign', 'annAssign', 'annAssign', 'unaryNot', 'unaryNot', 'unaryNot', 'unaryNot', 'bidivide', 'mathMul']",41,35,6,9,10,0
janbjorge__pgqueuer__pr2327904675__20251223_042154__03d3f070e1d63c543d9313194bbfbd9a3a331db3__types_before,"['import annotations\n', 'from __future__ import annotations\n', 'Channel = NewType(""Channel"", str)', 'PGChannel = Channel  # TODO: Depricate', 'OPERATIONS = Literal[""insert"", ""update"", ""delete"", ""truncate""]', 'EVENT_TYPES = Literal[""table_changed_event"", ""requests_per_second_event"", ""cancellation_event""]', 'JobId = NewType(""JobId"", int)', 'JOB_STATUS = Literal[', 'CronEntrypoint = NewType(""CronEntrypoint"", str)', 'CronExpression = NewType(""CronExpression"", str)', 'ScheduleId = NewType(""ScheduleId"", int)']","['importfunc', 'importfromsimple', 'simpleAssign', 'simpleAssign', 'simpleAssign', 'simpleAssign', 'simpleAssign', 'simpleAssign', 'simpleAssign', 'simpleAssign', 'simpleAssign']",9,1,1,0,0,0
janbjorge__pgqueuer__pr2327904675__20251223_042152__03d3f070e1d63c543d9313194bbfbd9a3a331db3__cli_after,"['@property\n    def', '@app.callback()\ndef', '@contextlib.asynccontextmanager\nasync def', '@app.command(help=""Install the necessary database schema for PGQueuer."")\ndef', '@app.command(help=""Remove the PGQueuer schema from the database."")\ndef', '@app.command(help=""Apply upgrades to the existing PGQueuer database schema."")\ndef', '@app.command(help=""Display a live dashboard showing job statistics."")\ndef', '@app.command(help=""Listen to a PostgreSQL NOTIFY channel for debug purposes."")\ndef', '@app.command(help=""Start a PGQueuer."")\ndef', '@app.command(help=""Manage schedules in the PGQueuer system."")\ndef', '@app.command(help=""Manually enqueue a job into the PGQueuer system."")\ndef', '@app.command(help=""Alter the logging durability for PGQueuer tables."")\ndef', '@dataclass\nclass', 'if __name__ == ""__main__"":', 'while True:', 'while True:', '\n    from uvloop import run as asyncio_run\n', '\n    from asyncio import run as asyncio_run ', 'try:\n    from uvloop import run as asyncio_run\nexcept ImportError:', 'raise RuntimeError(""Neither asyncpg nor psycopg could be imported."")', 'import annotations\n', 'import asyncio\n', 'import contextlib\n', 'import os\n', 'import dataclass\n', 'import timedelta\n', 'import typer\n', 'import tabulate\n', 'import Context\n', 'import AsyncGenerator\n', 'import run ', 'import run ', 'import asyncpg\n', 'import psycopg\n', 'from __future__ import annotations\n\nimport asyncio\n', 'from dataclasses import dataclass\n', 'from datetime import timedelta\n', 'from typing import Awaitable, Callable\n\nimport typer\n', 'from tabulate import tabulate\n', 'from typer import Context\n', 'from typing_extensions import AsyncGenerator\n', 'from uvloop import run ', 'from asyncio import run ', 'def setup_env(self) -> None:\n', 'def dsn(self) -> str:\n', 'def factory() -> queries.Queries:\n', 'def run() -> None:\n', 'def run() -> None:\n', 'def run() -> None:\n', 'def run() -> None:\n', 'def run() -> None:\n', 'def run_async() -> None:\n', 'def run_async() -> None:\n', 'def run() -> None:\n', 'return dsn\n', 'return queries.Queries(\n', 'return queries.Queries(\n', 'return factory\n', 'return\n        await asyncio.sleep(interval.total_seconds())\n', 'if self.prefix:\n            os.environ[""PGQUEUER_PREFIX""] = self.prefix\n', 'if self.pg_schema is not None:\n            dsn = helpers.add_schema_to_dsn(dsn, self.pg_schema)\n', 'if config.factory_fn_ref:\n        factory_fn = factories.load_factory(config.factory_fn_ref)\n', 'if interval is None:\n            return\n', 'if not dry_run:\n        asyncio_run(run())\n', 'if not dry_run:\n        asyncio_run(run())\n', 'if not dry_run:\n        asyncio_run(run())\n', 'if remove:\n                schedule_ids = {models.ScheduleId(int(x)) for x in remove if x.isdigit()}\n', 'if not dry_run:\n        asyncio_run(run())\n', 'if __name__ == ""__main__"":\n    app(prog_name=""pgqueuer"")\n', 'print(repr(event.root))', 'print(clear_and_home, end="""")', 'print(qb.QueryBuilderEnvironment(qb.DBSettings(durability=durability)).build_install_query())', 'print(qb.QueryBuilderEnvironment().build_uninstall_query())', 'print(f""\\n{\'-\' * 50}\\n"".join(qb.QueryBuilderEnvironment().build_upgrade_queries()))', 'headers=[""Created"", ""Count"", ""Entrypoint"", ""Status"", ""Priority""]', 'app = typer.Typer(', 'no_args_is_help=True,', 'pretty_exceptions_show_locals=False,', 'factory_fn_ref: str | None = None', 'os.environ[""PGQUEUER_PREFIX""] = self.prefix', 'dsn = self.pg_dsn or db.dsn(', 'database=self.pg_database,', 'password=self.pg_password,', 'port=self.pg_port,', 'user=self.pg_user,', 'host=self.pg_host,', 'dsn = helpers.add_schema_to_dsn(dsn, self.pg_schema)', 'prefix: str = typer.Option(', 'pg_dsn: str = typer.Option(', 'pg_host: str = typer.Option(', 'pg_port: str = typer.Option(', 'pg_user: str = typer.Option(', 'pg_database: str = typer.Option(', 'pg_password: str = typer.Option(', 'pg_schema: str = typer.Option(', 'factory_fn_ref: str | None = typer.Option(', 'config = AppConfig(', 'prefix=prefix,', 'pg_dsn=pg_dsn,', 'pg_host=pg_host,', 'pg_port=pg_port,', 'pg_user=pg_user,', 'pg_database=pg_database,', 'pg_password=pg_password,', 'pg_schema=pg_schema,', 'factory_fn_ref=factory_fn_ref,', 'ctx.obj = config', 'db.AsyncpgDriver(await asyncpg.connect(dsn=config.dsn)),', 'qbe=qb.QueryBuilderEnvironment(settings),', 'qbq=qb.QueryQueueBuilder(settings),', 'qbs=qb.QuerySchedulerBuilder(settings),', 'await psycopg.AsyncConnection.connect(config.dsn, autocommit=True)', 'qbe=qb.QueryBuilderEnvironment(settings),', 'qbq=qb.QueryQueueBuilder(settings),', 'qbs=qb.QuerySchedulerBuilder(settings),', 'config: AppConfig = ctx.obj', 'factory_fn = factories.load_factory(config.factory_fn_ref)', 'factory_fn = create_default_queries_factory(config, settings)', 'tablefmt=os.environ.get(qb.add_prefix(""TABLEFMT""), ""pretty""),', 'queue = asyncio.Queue[models.AnyEvent]()', 'event = await queue.get()', 'tablefmt=os.environ.get(qb.add_prefix(""TABLEFMT""), ""pretty""),', 'dry_run: bool = typer.Option(', 'durability: qb.Durability = typer.Option(', 'print(qb.QueryBuilderEnvironment(qb.DBSettings(durability=durability)).build_install_query())', 'async with yield_queries(ctx, qb.DBSettings(durability=durability)) as q:', 'dry_run: bool = typer.Option(', 'dry_run: bool = typer.Option(', 'durability: qb.Durability = typer.Option(', 'async with yield_queries(ctx, qb.DBSettings(durability=durability)) as q:', 'interval: float | None = typer.Option(', 'tail: int = typer.Option(', 'interval_td = timedelta(seconds=interval) if interval is not None else None', 'channel: str = typer.Option(', 'factory_fn: str = typer.Argument(', 'dequeue_timeout: float = typer.Option(', 'batch_size: int = typer.Option(', 'restart_delay: float = typer.Option(', 'restart_on_failure: bool = typer.Option(', 'log_level: logconfig.LogLevel = typer.Option(', 'mode: types.QueueExecutionMode = typer.Option(', 'dequeue_timeout=timedelta(seconds=dequeue_timeout),', 'batch_size=batch_size,', 'restart_delay=timedelta(seconds=restart_delay if restart_on_failure else 0),', 'restart_on_failure=restart_on_failure,', 'shutdown=asyncio.Event(),', 'mode=mode,', 'remove: list[str] = typer.Option(', 'entrypoint: str = typer.Argument(', 'payload: str | None = typer.Argument(', 'priority=0,', 'execute_after=timedelta(seconds=0),', 'durability: qb.Durability = typer.Argument(', 'dry_run: bool = typer.Option(', 'qb.DBSettings(durability=durability)', 'async with yield_queries(ctx, qb.DBSettings(durability=durability)) as q:', 'schedule_ids = {models.ScheduleId(int(x)) for x in remove if x.isdigit()}', 'schedule_names = {x for x in remove if not x.isdigit()}', 'schedule_ids = {models.ScheduleId(int(x)) for x in remove if x.isdigit()}', 'schedule_names = {x for x in remove if not x.isdigit()}', 'str:\n        dsn = self', 'None:\n            dsn = helpers', 'prefix: str = typer', 'pg_dsn: str = typer', 'pg_host: str = typer', 'pg_port: str = typer', 'pg_user: str = typer', 'pg_database: str = typer', 'pg_password: str = typer', 'pg_schema: str = typer', 'config: AppConfig = ctx', 'factory_fn_ref:\n        factory_fn = factories', 'else:\n        factory_fn = create_default_queries_factory', 'None:\n    queue = asyncio', 'True:\n        event = await', 'dry_run: bool = typer', 'dry_run: bool = typer', 'dry_run: bool = typer', 'tail: int = typer', 'None:\n    interval_td = timedelta', 'channel: str = typer', 'factory_fn: str = typer', 'dequeue_timeout: float = typer', 'batch_size: int = typer', 'restart_delay: float = typer', 'restart_on_failure: bool = typer', 'entrypoint: str = typer', 'dry_run: bool = typer', 'real-time', 'user-supplied', 'dequeue-timeout', 'batch-size', 'restart-delay', 'restart-on', 'restart-on', 'log-level', ' not None', ' not dry_run', ' not dry_run', ' not dry_run', ' not None', ' not x', ' not dry_run', 'com/janbjorge', 'str | None', 'str | None', 'timedelta | None', 'float | None', 'str | None', 'prefix\n\n    @property', 'dsn\n\n\n@app', 'factory\n\n\n@contextlib', 'documentation and examples:']","['decaratorfunc', 'decaratorfunc', 'decaratorfunc', 'decaratorfunc', 'decaratorfunc', 'decaratorfunc', 'decaratorfunc', 'decaratorfunc', 'decaratorfunc', 'decaratorfunc', 'decaratorfunc', 'decaratorfunc', 'decaratorclass', '__name__', 'whilesimple', 'whilesimple', 'asextension', 'asextension', 'tryexcept', 'raise', 'importfunc', 'importfunc', 'importfunc', 'importfunc', 'importfunc', 'importfunc', 'importfunc', 'importfunc', 'importfunc', 'importfunc', 'importfunc', 'importfunc', 'importfunc', 'importfunc', 'importfromsimple', 'importfromsimple', 'importfromsimple', 'importfromsimple', 'importfromsimple', 'importfromsimple', 'importfromsimple', 'importfromsimple', 'importfromsimple', 'simplefunc', 'simplefunc', 'simplefunc', 'simplefunc', 'simplefunc', 'simplefunc', 'simplefunc', 'simplefunc', 'simplefunc', 'simplefunc', 'simplefunc', 'return', 'return', 'return', 'return', 'return', 'simpleif', 'simpleif', 'simpleif', 'simpleif', 'simpleif', 'simpleif', 'simpleif', 'simpleif', 'simpleif', 'simpleif', 'printfunc', 'printfunc', 'printfunc', 'printfunc', 'printfunc', 'simpleList', 'simpleAssign', 'simpleAssign', 'simpleAssign', 'simpleAssign', 'simpleAssign', 'simpleAssign', 'simpleAssign', 'simpleAssign', 'simpleAssign', 'simpleAssign', 'simpleAssign', 'simpleAssign', 'simpleAssign', 'simpleAssign', 'simpleAssign', 'simpleAssign', 'simpleAssign', 'simpleAssign', 'simpleAssign', 'simpleAssign', 'simpleAssign', 'simpleAssign', 'simpleAssign', 'simpleAssign', 'simpleAssign', 'simpleAssign', 'simpleAssign', 'simpleAssign', 'simpleAssign', 'simpleAssign', 'simpleAssign', 'simpleAssign', 'simpleAssign', 'simpleAssign', 'simpleAssign', 'simpleAssign', 'simpleAssign', 'simpleAssign', 'simpleAssign', 'simpleAssign', 'simpleAssign', 'simpleAssign', 'simpleAssign', 'simpleAssign', 'simpleAssign', 'simpleAssign', 'simpleAssign', 'simpleAssign', 'simpleAssign', 'simpleAssign', 'simpleAssign', 'simpleAssign', 'simpleAssign', 'simpleAssign', 'simpleAssign', 'simpleAssign', 'simpleAssign', 'simpleAssign', 'simpleAssign', 'simpleAssign', 'simpleAssign', 'simpleAssign', 'simpleAssign', 'simpleAssign', 'simpleAssign', 'simpleAssign', 'simpleAssign', 'simpleAssign', 'simpleAssign', 'simpleAssign', 'simpleAssign', 'simpleAssign', 'simpleAssign', 'simpleAssign', 'simpleAssign', 'simpleAssign', 'simpleAssign', 'simpleAssign', 'simpleAssign', 'simpleAssign', 'simpleAssign', 'simpleSet', 'simpleSet', 'setComprehension', 'setComprehension', 'annAssign', 'annAssign', 'annAssign', 'annAssign', 'annAssign', 'annAssign', 'annAssign', 'annAssign', 'annAssign', 'annAssign', 'annAssign', 'annAssign', 'annAssign', 'annAssign', 'annAssign', 'annAssign', 'annAssign', 'annAssign', 'annAssign', 'annAssign', 'annAssign', 'annAssign', 'annAssign', 'annAssign', 'annAssign', 'annAssign', 'annAssign', 'annAssign', 'biSub', 'biSub', 'biSub', 'biSub', 'biSub', 'biSub', 'biSub', 'biSub', 'unaryNot', 'unaryNot', 'unaryNot', 'unaryNot', 'unaryNot', 'unaryNot', 'unaryNot', 'bidivide', 'bitOr', 'bitOr', 'bitOr', 'bitOr', 'bitOr', 'mathMul', 'mathMul', 'mathMul', 'boolAnd']",151,28,14,6,13,1
janbjorge__pgqueuer__pr2475411025__20251223_042137__da25653fe65c900b88a2fec3a01a578a0faed373__test_listeners_before,"['while len(evnets) < 1:', 'while len(evnets) < 1:', 'while len(evnets) < 1:', 'while len(evnets) < 1:', 'while len(evnets) < 1:', 'assert notice_event_queue.qsize() == 1\n', 'assert len(statistics[""entrypoint_1""].samples) == 1\n', 'assert statistics[""entrypoint_1""].samples[0] == (10, event.root.sent_at)\n', 'assert event.root.type == ""table_changed_event""\n', 'assert event.root.table == add_prefix(""pgqueuer"")\n', 'assert event.root.operation == ""insert""\n', 'assert event.root.type == ""table_changed_event""\n', 'assert event.root.table == add_prefix(""pgqueuer"")\n', 'assert event.root.operation == ""insert""\n', 'assert len(evnets) == 0\n', 'assert event.root.type == ""table_changed_event""\n', 'assert event.root.table == add_prefix(""pgqueuer"")\n', 'assert event.root.operation == ""truncate""\n', 'assert event.root.type == ""table_changed_event""\n', 'assert event.root.table == add_prefix(""pgqueuer"")\n', 'assert len(evnets) == 0\n', 'entrypoint_count={""entrypoint_1"": 10}', 'import asyncio\n', 'import uuid\n', 'import deque\n', 'import MutableMapping\n', 'import CancelScope\n', 'import timeout\n', 'import db\n', 'from collections import deque\n', 'from typing import MutableMapping\n', 'from anyio import CancelScope\n', 'from async_timeout import timeout\n', 'from pgqueuer import db\n', 'range(10)', 'def test_handle_table_changed_event() -> None:\n', 'def test_handle_requests_per_second_event() -> None:\n', 'def test_handle_cancellation_event() -> None:\n', 'assert statistics[""entrypoint_1""].samples[0] == (10, event.root.sent_at)', 'ids=[job_id]', 'notice_event_queue = PGNoticeEventListener()', 'samples=deque(),', 'concurrency_limiter=asyncio.Semaphore(5),', 'event = AnyEvent(', 'root=TableChangedEvent(', 'sent_at=datetime.now(tz=timezone.utc),', 'assert notice_event_queue.qsize() == 1', 'notice_event_queue = PGNoticeEventListener()', 'samples=deque(),', 'concurrency_limiter=asyncio.Semaphore(5),', 'event = AnyEvent(', 'root=RequestsPerSecondEvent(', 'sent_at=datetime.now(tz=timezone.utc),', 'assert len(statistics[""entrypoint_1""].samples) == 1', 'notice_event_queue = PGNoticeEventListener()', 'samples=deque(),', 'concurrency_limiter=asyncio.Semaphore(5),', 'cancellation_context = Context(cancellation=CancelScope())', 'job_id = JobId(123)', 'canceled[job_id] = cancellation_context', 'event = AnyEvent(', 'root=CancellationEvent(', 'sent_at=datetime.now(tz=timezone.utc),', 'evnets = list[AnyEvent]()', 'job_id,) = await Queries(apgdriver).enqueue(', 'event,) = evnets', 'assert event.root.table == add_prefix(""pgqueuer"")', 'evnets = list[AnyEvent]()', 'event,) = evnets', 'assert event.root.table == add_prefix(""pgqueuer"")', 'timedelta(seconds=300), False, 0', 'global_concurrency_limit=1000,', 'assert len(evnets) == 0', 'evnets = list[AnyEvent]()', 'event,) = evnets', 'assert event.root.table == add_prefix(""pgqueuer"")', 'evnets = list[AnyEvent]()', 'job_id,) = await Queries(apgdriver).enqueue(', 'event,) = evnets', 'assert event.root.table == add_prefix(""pgqueuer"")', 'assert len(evnets) == 0', 'canceled: MutableMapping[JobId, Context] = {}', 'canceled: MutableMapping[JobId, Context] = {}', 'entrypoint_count={""entrypoint_1"": 10}', 'canceled: MutableMapping[JobId, Context] = {}', 'None:\n    notice_event_queue = PGNoticeEventListener', 'None:\n    notice_event_queue = PGNoticeEventListener', 'None:\n    notice_event_queue = PGNoticeEventListener', 'None:\n    evnets = list', 'None:\n    evnets = list', 'None:\n    evnets = list', 'None:\n    evnets = list', ' not notice_event_queue']","['whilesimple', 'whilesimple', 'whilesimple', 'whilesimple', 'whilesimple', 'assert', 'assert', 'assert', 'assert', 'assert', 'assert', 'assert', 'assert', 'assert', 'assert', 'assert', 'assert', 'assert', 'assert', 'assert', 'assert', 'simpleDict', 'importfunc', 'importfunc', 'importfunc', 'importfunc', 'importfunc', 'importfunc', 'importfunc', 'importfromsimple', 'importfromsimple', 'importfromsimple', 'importfromsimple', 'importfromsimple', 'rangefunc', 'simplefunc', 'simplefunc', 'simplefunc', 'simpleTuple', 'simpleList', 'simpleAssign', 'simpleAssign', 'simpleAssign', 'simpleAssign', 'simpleAssign', 'simpleAssign', 'simpleAssign', 'simpleAssign', 'simpleAssign', 'simpleAssign', 'simpleAssign', 'simpleAssign', 'simpleAssign', 'simpleAssign', 'simpleAssign', 'simpleAssign', 'simpleAssign', 'simpleAssign', 'simpleAssign', 'simpleAssign', 'simpleAssign', 'simpleAssign', 'simpleAssign', 'simpleAssign', 'simpleAssign', 'simpleAssign', 'simpleAssign', 'simpleAssign', 'simpleAssign', 'simpleAssign', 'simpleAssign', 'simpleAssign', 'simpleAssign', 'simpleAssign', 'simpleAssign', 'simpleAssign', 'simpleAssign', 'simpleAssign', 'simpleAssign', 'simpleAssign', 'simpleAssign', 'simpleSet', 'simpleSet', 'simpleSet', 'simpleSet', 'annAssign', 'annAssign', 'annAssign', 'annAssign', 'annAssign', 'annAssign', 'annAssign', 'unaryNot']",49,18,10,16,0,0
janbjorge__pgqueuer__pr2327904675__20251223_042156__03d3f070e1d63c543d9313194bbfbd9a3a331db3__test_superviser_after,"['@pytest.fixture(scope=""function"")\nasync def', '@pytest.fixture(scope=""function"")\nasync def', '@pytest.fixture(scope=""function"")\nasync def', '@pytest.fixture(scope=""function"")\ndef', '@asynccontextmanager\n    async def', '@asynccontextmanager\n    async def', 'def failing_run(*args, **kwargs):  # type:', 'def failing_run(*args, **kwargs):  # type:', 'def failing_run(*args, **kwargs):  # type:', 'def failing_run(*args, **kwargs):  # type:', 'raise Exception(""Simulated failure"")', 'raise Exception(""Simulated failure"")', 'assert calls > 1\n', '    class InvalidManager:\n        pass', '    class InvalidManager:\n        pass', 'import annotations\n', 'import asyncio\n', 'import signal\n', 'import asynccontextmanager\n', 'import timedelta\n', 'import async_timeout\n', 'import pytest\n', 'import QueueExecutionMode\n', 'from __future__ import annotations\n\nimport asyncio\n', 'from contextlib import asynccontextmanager\n', 'from datetime import timedelta\n', 'from unittest.mock import ANY, MagicMock, patch\n\nimport async_timeout\n', 'from pgqueuer.types import QueueExecutionMode\n', 'calls += 1', 'def shutdown_event() -> asyncio.Event:\n', 'def test_run_manager_invalid_manager() -> None:\n', 'return QueueManager(connection=apgdriver)\n', 'return SchedulerManager(connection=apgdriver)\n', 'return PgQueuer(connection=apgdriver)\n', 'return asyncio.Event()\n', 'return pg_queuer\n', 'return QueueManager(connection=apgdriver)', 'return SchedulerManager(connection=apgdriver)', 'return PgQueuer(connection=apgdriver)', 'manager = supervisor.setup_shutdown_handlers(queue_manager, shutdown_event)', 'manager = supervisor.setup_shutdown_handlers(scheduler_manager, shutdown_event)', 'manager = supervisor.setup_shutdown_handlers(pg_queuer, shutdown_event)', 'mock_loop = MagicMock()', 'mock_get_event_loop.return_value = mock_loop', 'runit_task = asyncio.create_task(', 'factory=foo,', 'dequeue_timeout=timedelta(seconds=1),', 'batch_size=10,', 'restart_delay=timedelta(seconds=2),', 'restart_on_failure=False,', 'shutdown=shutdown_event,', 'mode=QueueExecutionMode.continuous,', 'calls = 0', 'calls += 1', 'pg_queuer.run = failing_run  # type: ignore', 'runit_task = asyncio.create_task(', 'factory=foo,', 'dequeue_timeout=timedelta(seconds=1),', 'batch_size=10,', 'restart_delay=timedelta(seconds=0.05),', 'restart_on_failure=True,', 'shutdown=shutdown_event,', 'mode=QueueExecutionMode.continuous,', 'pg_queuer.run = failing_run  # type: ignore', 'factory=foo,', 'dequeue_timeout=timedelta(seconds=1),', 'batch_size=10,', 'restart_delay=timedelta(seconds=2),', 'restart_on_failure=False,', 'shutdown=shutdown_event,', 'mode=QueueExecutionMode.continuous,', 'with pytest.raises(ValueError, match=""\'restart_delay\' must be >= 0""):', 'dequeue_timeout=timedelta(seconds=1),', 'batch_size=10,', 'restart_delay=timedelta(seconds=-1),', 'restart_on_failure=True,', 'shutdown=shutdown_event,', 'mode=QueueExecutionMode.continuous,', 'with pytest.raises(NotImplementedError, match=r""Unsupported instance type: .*InvalidManager.*""):', 'dequeue_timeout=timedelta(seconds=1),', 'batch_size=10,', 'mode=QueueExecutionMode.continuous,', 'None:\n    manager = supervisor', 'None:\n    manager = supervisor', 'None:\n    manager = supervisor', 'mock_get_event_loop:\n        mock_loop = MagicMock', 'None:\n    calls = 0', 'arg-type', 'QueueExecutionMode\n\n\n@pytest', 'ignore\n\n    @asynccontextmanager']","['decaratorfunc', 'decaratorfunc', 'decaratorfunc', 'decaratorfunc', 'decaratorfunc', 'decaratorfunc', 'funcwith2star', 'funcwith2star', 'funcwithstar', 'funcwithstar', 'raise', 'raise', 'assert', 'pass', 'pass', 'importfunc', 'importfunc', 'importfunc', 'importfunc', 'importfunc', 'importfunc', 'importfunc', 'importfunc', 'importfromsimple', 'importfromsimple', 'importfromsimple', 'importfromsimple', 'importfromsimple', 'assignIncrement', 'simplefunc', 'simplefunc', 'return', 'return', 'return', 'return', 'return', 'simpleAssign', 'simpleAssign', 'simpleAssign', 'simpleAssign', 'simpleAssign', 'simpleAssign', 'simpleAssign', 'simpleAssign', 'simpleAssign', 'simpleAssign', 'simpleAssign', 'simpleAssign', 'simpleAssign', 'simpleAssign', 'simpleAssign', 'simpleAssign', 'simpleAssign', 'simpleAssign', 'simpleAssign', 'simpleAssign', 'simpleAssign', 'simpleAssign', 'simpleAssign', 'simpleAssign', 'simpleAssign', 'simpleAssign', 'simpleAssign', 'simpleAssign', 'simpleAssign', 'simpleAssign', 'simpleAssign', 'simpleAssign', 'simpleAssign', 'simpleAssign', 'simpleAssign', 'simpleAssign', 'simpleAssign', 'simpleAssign', 'simpleAssign', 'simpleAssign', 'simpleAssign', 'simpleAssign', 'simpleAssign', 'simpleAssign', 'simpleAssign', 'simpleAssign', 'annAssign', 'annAssign', 'annAssign', 'annAssign', 'annAssign', 'biSub', 'mathMul', 'mathMul']",58,10,11,5,6,0
janbjorge__pgqueuer__pr2327904675__20251223_042147__141593e576e2e3bbb6616c0a6fb66c5c39065fe5__qm_after,"['@property\n    def', '@dataclasses.dataclass\nclass', 'while processing entrypoint/job-id: %s/%s"",\n                    job.entrypoint,\n                    job.id,\n                )\n                await jbuff.add((job, ""exception""))\n            else:', 'while not self.shutdown.is_set():', 'while not self.shutdown.is_set():', 'while processing entrypoint/job-id:', 'raise RuntimeError(f""{name} already in registry, name must be unique."")', 'raise RuntimeError(f""{name} already in registry, name must be unique."")', 'raise ValueError(""Rate must be float | int."")', 'raise ValueError(""Rate must be greater or eq. to zero."")', 'raise ValueError(""Concurrency limit must be int."")', 'raise ValueError(""Concurrency limit must be greater or eq. to zero."")', 'raise ValueError(""Serialized dispatch must be boolean"")', 'for key, enum in ((""canceled"", self.queries.qbe.settings.queue_status_type),):', 'import annotations\n', 'import asyncio\n', 'import contextlib\n', 'import dataclasses\n', 'import functools\n', 'import sys\n', 'import uuid\n', 'import warnings\n', 'import nullcontext\n', 'import timedelta\n', 'import isfinite\n', 'import anyio\n', 'from __future__ import annotations\n\nimport asyncio\n', 'from contextlib import nullcontext\n', 'from datetime import timedelta\n', 'from math import isfinite\n', 'from typing import AsyncGenerator, Callable\n\nimport anyio\n', 'self.queries = queries.Queries(self.connection)', 'self.entrypoint_registry[name] = executor', 'self.entrypoint_statistics[name] = models.EntrypointStatistics(', 'self.job_context[job.id] = models.Context(cancellation=anyio.CancelScope())', 'def alive(self) -> asyncio.Event:\n', 'def __post_init__(self) -> None:\n', 'def entrypoints_below_capacity_limits(self) -> set[str]:\n', 'def verify_structure(self) -> None:\n', 'return self.shutdown\n', 'return self.job_context[job_id]\n', 'return func\n', 'return register\n', 'return 0.0\n', 'return requests / timespan.total_seconds()\n', 'return below_rps_limit and below_concurrency_limit\n', 'return {\n', 'if name in self.entrypoint_registry:\n            raise RuntimeError(f""{name} already in registry, name must be unique."")\n', 'if executor is not None:\n            warnings.warn(\n', 'if name in self.entrypoint_registry:\n            raise RuntimeError(f""{name} already in registry, name must be unique."")\n', 'if not isinstance(requests_per_second, (float, int)):\n            raise ValueError(""Rate must be float | int."")\n', 'if requests_per_second < 0:\n            raise ValueError(""Rate must be greater or eq. to zero."")\n', 'if not isinstance(concurrency_limit, int):\n            raise ValueError(""Concurrency limit must be int."")\n', 'if concurrency_limit < 0:\n            raise ValueError(""Concurrency limit must be greater or eq. to zero."")\n', 'if not isinstance(serialized_dispatch, bool):\n            raise ValueError(""Serialized dispatch must be boolean"")\n', 'if not samples:\n            return 0.0\n', 'if events:\n            await self.queries.notify_entrypoint_rps(\n', 'if not (await self.queries.has_table(table)):\n                raise RuntimeError(\n', 'if not (await self.queries.has_table(self.queries.qbe.settings.queue_table_log)):\n            raise RuntimeError(\n', 'if not (await self.queries.table_has_column(table, column)):\n                raise RuntimeError(\n', 'if not (await self.queries.has_user_defined_enum(key, enum)):\n                raise RuntimeError(\n', 'if burst_mode:\n                    self.shutdown.set()\n', 'if event_task and not event_task.done():\n            event_task.cancel()\n', 'if not shutdown_task.done():\n            shutdown_task.cancel()\n', 'if not ctx.cancellation.cancel_called:\n                    await executor.execute(job, ctx)\n', 'for job in jobs:', 'for job in self.fetch_jobs(batch_size):', 'timespan = helpers.utc_now() - min(t for _, t in samples) + epsilon', 'channel: models.Channel = dataclasses.field(', 'default=models.Channel(qb.DBSettings().channel),', 'shutdown: asyncio.Event = dataclasses.field(', 'init=False,', 'default_factory=asyncio.Event,', 'queries: queries.Queries = dataclasses.field(init=False)', 'entrypoint_registry: dict[str, executors.AbstractEntrypointExecutor] = dataclasses.field(', 'init=False,', 'default_factory=dict,', 'entrypoint_statistics: dict[str, models.EntrypointStatistics] = dataclasses.field(', 'init=False,', 'default_factory=dict,', 'queue_manager_id: uuid.UUID = dataclasses.field(', 'init=False,', 'default_factory=uuid.uuid4,', 'job_context: dict[models.JobId, models.Context] = dataclasses.field(', 'init=False,', 'default_factory=dict,', 'stacklevel=2,', 'self.queries = queries.Queries(self.connection)', 'self.entrypoint_registry[name] = executor', 'self.entrypoint_statistics[name] = models.EntrypointStatistics(', 'samples=deque(maxlen=1_000),', 'concurrency_limiter=asyncio.Semaphore(executor.parameters.concurrency_limit)', 'requests_per_second: float = float(""inf""),', 'concurrency_limit: int = 0,', 'retry_timer: timedelta = timedelta(seconds=0),', 'serialized_dispatch: bool = False,', 'executor: type[executors.AbstractEntrypointExecutor] | None = None,', 'None = None,', 'stacklevel=3,', 'executor_factory = executor_factory or executors.EntrypointExecutor', 'connection=self.connection,', 'channel=self.channel,', 'shutdown=self.shutdown,', 'queries=self.queries,', 'func=func,', 'requests_per_second=requests_per_second,', 'retry_timer=retry_timer,', 'serialized_dispatch=serialized_dispatch,', 'concurrency_limit=concurrency_limit,', 'epsilon: timedelta = timedelta(milliseconds=0.01),', 'samples = self.entrypoint_statistics[entrypoint].samples', 'timespan = helpers.utc_now() - min(t for _, t in samples) + epsilon', 'requests = sum(c for c, _ in samples)', 'below_concurrency_limit = not (', 'c_limiter := self.entrypoint_statistics[entrypoint].concurrency_limiter,', 'retry_after=self.entrypoint_registry[x].parameters.retry_timer,', 'serialized=self.entrypoint_registry[x].parameters.serialized_dispatch,', 'concurrency_limit=self.entrypoint_registry[x].parameters.concurrency_limit,', 'jobs := await self.queries.dequeue(', 'batch_size=batch_size,', 'entrypoints=entrypoints,', 'queue_manager_id=self.queue_manager_id,', 'dequeue_timeout: timedelta = timedelta(seconds=30),', 'batch_size: int = 10,', 'burst_mode: bool = False,', 'job_status_log_buffer_timeout = timedelta(seconds=0.01)', 'heartbeat_buffer_timeout = helpers.retry_timer_buffer_timeout(', 'max_size=batch_size,', 'timeout=job_status_log_buffer_timeout,', 'callback=self.queries.log_jobs,', 'max_size=sys.maxsize,', 'timeout=heartbeat_buffer_timeout / 2,', 'callback=self.queries.update_heartbeat,', 'max_size=batch_size,', 'timeout=timedelta(seconds=0.01),', 'callback=self.update_rps_stats,', 'notice_event_listener = listeners.PGNoticeEventListener()', 'notice_event_queue=notice_event_listener,', 'statistics=self.entrypoint_statistics,', 'canceled=self.job_context,', 'shutdown_task = asyncio.create_task(self.shutdown.wait())', 'event_task: None | asyncio.Task[None | models.TableChangedEvent] = None', 'self.job_context[job.id] = models.Context(cancellation=anyio.CancelScope())', 'event_task = helpers.wait_for_notice_event(', 'return_when=asyncio.FIRST_COMPLETED,', 'executor = self.entrypoint_registry[job.entrypoint]', 'ctx = self.get_context(job.id)', 'canceled = ctx.cancellation.cancel_called', 'requests_per_second: float = float', 'concurrency_limit: int = 0', 'retry_timer: timedelta = timedelta', 'serialized_dispatch: bool = False', 'epsilon: timedelta = timedelta', 'dequeue_timeout: timedelta = timedelta', 'batch_size: int = 10', 'burst_mode: bool = False', 'rate-per', 'user-defined', 'job-id', ' not None', ' not isinstance', ' not isinstance', ' not isinstance', ' not samples', ' not self', ' not self', ' not event_task', ' not shutdown_task', ' not ctx', 'type / value', 'type / value', 'requests / timespan', 'heartbeat_buffer_timeout / 2', 'entrypoint/id', 'entrypoint/job', 'entrypoint/id', 'float | int', 'None | asyncio', 'None | models']","['decaratorfunc', 'decaratorclass', 'whileelse', 'whilesimple', 'whilesimple', 'whilesimple', 'raise', 'raise', 'raise', 'raise', 'raise', 'raise', 'raise', 'forwithtuple', 'importfunc', 'importfunc', 'importfunc', 'importfunc', 'importfunc', 'importfunc', 'importfunc', 'importfunc', 'importfunc', 'importfunc', 'importfunc', 'importfunc', 'importfromsimple', 'importfromsimple', 'importfromsimple', 'importfromsimple', 'importfromsimple', 'simpleattr', 'simpleattr', 'simpleattr', 'simpleattr', 'simplefunc', 'simplefunc', 'simplefunc', 'simplefunc', 'return', 'return', 'return', 'return', 'return', 'return', 'return', 'return', 'simpleif', 'simpleif', 'simpleif', 'simpleif', 'simpleif', 'simpleif', 'simpleif', 'simpleif', 'simpleif', 'simpleif', 'simpleif', 'simpleif', 'simpleif', 'simpleif', 'simpleif', 'simpleif', 'simpleif', 'simpleif', 'forsimple', 'forsimple', 'assignwithSum', 'simpleAssign', 'simpleAssign', 'simpleAssign', 'simpleAssign', 'simpleAssign', 'simpleAssign', 'simpleAssign', 'simpleAssign', 'simpleAssign', 'simpleAssign', 'simpleAssign', 'simpleAssign', 'simpleAssign', 'simpleAssign', 'simpleAssign', 'simpleAssign', 'simpleAssign', 'simpleAssign', 'simpleAssign', 'simpleAssign', 'simpleAssign', 'simpleAssign', 'simpleAssign', 'simpleAssign', 'simpleAssign', 'simpleAssign', 'simpleAssign', 'simpleAssign', 'simpleAssign', 'simpleAssign', 'simpleAssign', 'simpleAssign', 'simpleAssign', 'simpleAssign', 'simpleAssign', 'simpleAssign', 'simpleAssign', 'simpleAssign', 'simpleAssign', 'simpleAssign', 'simpleAssign', 'simpleAssign', 'simpleAssign', 'simpleAssign', 'simpleAssign', 'simpleAssign', 'simpleAssign', 'simpleAssign', 'simpleAssign', 'simpleAssign', 'simpleAssign', 'simpleAssign', 'simpleAssign', 'simpleAssign', 'simpleAssign', 'simpleAssign', 'simpleAssign', 'simpleAssign', 'simpleAssign', 'simpleAssign', 'simpleAssign', 'simpleAssign', 'simpleAssign', 'simpleAssign', 'simpleAssign', 'simpleAssign', 'simpleAssign', 'simpleAssign', 'simpleAssign', 'simpleAssign', 'simpleAssign', 'simpleAssign', 'simpleAssign', 'simpleAssign', 'simpleAssign', 'simpleAssign', 'simpleAssign', 'simpleAssign', 'simpleAssign', 'simpleAssign', 'annAssign', 'annAssign', 'annAssign', 'annAssign', 'annAssign', 'annAssign', 'annAssign', 'annAssign', 'biSub', 'biSub', 'biSub', 'unaryNot', 'unaryNot', 'unaryNot', 'unaryNot', 'unaryNot', 'unaryNot', 'unaryNot', 'unaryNot', 'unaryNot', 'unaryNot', 'bidivide', 'bidivide', 'bidivide', 'bidivide', 'bidivide', 'bidivide', 'bidivide', 'bitOr', 'bitOr', 'bitOr']",138,22,5,11,2,1
janbjorge__pgqueuer__pr2327904675__20251223_042153__03d3f070e1d63c543d9313194bbfbd9a3a331db3__supervisor_before,"['while not shutdown.is_set():', 'try:\n            async with factories.run_factory(factory()) as manager:\n                setup_shutdown_handlers(manager, shutdown)\n                await run_manager(manager, dequeue_timeout, batch_size, burst_mode)\n        except Exception as exc:', 'raise ValueError(f""\'restart_delay\' must be >= 0. Got {restart_delay!r}"")', 'raise NotImplementedError(f""Unsupported instance type: {type(mananger)}"")', 'import annotations\n', 'import asyncio\n', 'import signal\n', 'import timedelta\n', 'from __future__ import annotations\n\nimport asyncio\n', 'from datetime import timedelta\n', 'return manager\n', 'if isinstance(manager, qm.QueueManager | sm.SchedulerManager):\n        manager.shutdown = shutdown\n', 'if isinstance(manager, applications.PgQueuer):\n        manager.shutdown = shutdown\n', 'if restart_delay < timedelta(0):\n        raise ValueError(f""\'restart_delay\' must be >= 0. Got {restart_delay!r}"")\n', 'if not restart_on_failure:\n                raise\n', 'if not shutdown.is_set():\n            await await_shutdown_or_timeout(shutdown, restart_delay)\n', 'if isinstance(mananger, qm.QueueManager):\n        await mananger.run(\n', 'if isinstance(mananger, sm.SchedulerManager):\n        await mananger.run()\n', 'if isinstance(mananger, applications.PgQueuer):\n        await mananger.run(\n', 'if not shutdown.is_set():\n        logconfig.logger.info(""Attempting to restart..."")\n', 'for not_done in pending:', 'Manager: TypeAlias = qm.QueueManager | sm.SchedulerManager | applications.PgQueuer', 'ManagerFactory: TypeAlias = Callable[', 'manager.shutdown = shutdown', 'manager.shutdown = shutdown', 'manager.qm.shutdown = shutdown', 'manager.sm.shutdown = shutdown', 'loop = asyncio.get_event_loop()', 'raise ValueError(f""\'restart_delay\' must be >= 0. Got {restart_delay!r}"")', 'exc_info=exc,', 'dequeue_timeout=dequeue_timeout,', 'batch_size=batch_size,', 'burst_mode=burst_mode,', 'dequeue_timeout=dequeue_timeout,', 'batch_size=batch_size,', 'burst_mode=burst_mode,', '_, pending = await asyncio.wait(', 'return_when=asyncio.FIRST_COMPLETED,', 'Manager: TypeAlias = qm', 'ManagerFactory: TypeAlias = Callable', ' not shutdown', ' not restart_on_failure', ' not shutdown', ' not shutdown', 'Signal %d', 'Waiting %r', 'QueueManager | sm', 'SchedulerManager | applications', 'QueueManager | sm', 'SchedulerManager | applications', 'QueueManager | sm']","['whilesimple', 'tryexcept', 'raise', 'raise', 'importfunc', 'importfunc', 'importfunc', 'importfunc', 'importfromsimple', 'importfromsimple', 'return', 'simpleif', 'simpleif', 'simpleif', 'simpleif', 'simpleif', 'simpleif', 'simpleif', 'simpleif', 'simpleif', 'forsimple', 'simpleAssign', 'simpleAssign', 'simpleAssign', 'simpleAssign', 'simpleAssign', 'simpleAssign', 'simpleAssign', 'simpleAssign', 'simpleAssign', 'simpleAssign', 'simpleAssign', 'simpleAssign', 'simpleAssign', 'simpleAssign', 'simpleAssign', 'simpleAssign', 'simpleAssign', 'annAssign', 'annAssign', 'unaryNot', 'unaryNot', 'unaryNot', 'unaryNot', 'modulo', 'modulo', 'bitOr', 'bitOr', 'bitOr', 'bitOr', 'bitOr']",40,6,3,2,0,0
janbjorge__pgqueuer__pr2327904675__20251223_042152__03d3f070e1d63c543d9313194bbfbd9a3a331db3__cli_before,"['@property\n    def', '@app.callback()\ndef', '@contextlib.asynccontextmanager\nasync def', '@app.command(help=""Install the necessary database schema for PGQueuer."")\ndef', '@app.command(help=""Remove the PGQueuer schema from the database."")\ndef', '@app.command(help=""Apply upgrades to the existing PGQueuer database schema."")\ndef', '@app.command(help=""Display a live dashboard showing job statistics."")\ndef', '@app.command(help=""Listen to a PostgreSQL NOTIFY channel for debug purposes."")\ndef', '@app.command(help=""Start a QueueManager to manage and process jobs."")\ndef', '@app.command(help=""Manage schedules in the PGQueuer system."")\ndef', '@app.command(help=""Manually enqueue a job into the PGQueuer system."")\ndef', '@app.command(help=""Alter the logging durability for PGQueuer tables."")\ndef', '@dataclass\nclass', 'if __name__ == ""__main__"":', 'while True:', 'while True:', '\n    from uvloop import run as asyncio_run\n', '\n    from asyncio import run as asyncio_run ', 'try:\n    from uvloop import run as asyncio_run\nexcept ImportError:', 'raise RuntimeError(""Neither asyncpg nor psycopg could be imported."")', 'import annotations\n', 'import asyncio\n', 'import contextlib\n', 'import os\n', 'import dataclass\n', 'import timedelta\n', 'import typer\n', 'import tabulate\n', 'import Context\n', 'import AsyncGenerator\n', 'import run ', 'import run ', 'import asyncpg\n', 'import psycopg\n', 'from __future__ import annotations\n\nimport asyncio\n', 'from dataclasses import dataclass\n', 'from datetime import timedelta\n', 'from typing import Awaitable, Callable\n\nimport typer\n', 'from tabulate import tabulate\n', 'from typer import Context\n', 'from typing_extensions import AsyncGenerator\n', 'from uvloop import run ', 'from asyncio import run ', 'def setup_env(self) -> None:\n', 'def dsn(self) -> str:\n', 'def factory() -> queries.Queries:\n', 'def run() -> None:\n', 'def run() -> None:\n', 'def run() -> None:\n', 'def run() -> None:\n', 'def run() -> None:\n', 'def run_async() -> None:\n', 'def run_async() -> None:\n', 'def run() -> None:\n', 'return dsn\n', 'return queries.Queries(\n', 'return queries.Queries(\n', 'return factory\n', 'return\n        await asyncio.sleep(interval.total_seconds())\n', 'if self.prefix:\n            os.environ[""PGQUEUER_PREFIX""] = self.prefix\n', 'if self.pg_schema is not None:\n            dsn = helpers.add_schema_to_dsn(dsn, self.pg_schema)\n', 'if config.factory_fn_ref:\n        factory_fn = factories.load_factory(config.factory_fn_ref)\n', 'if interval is None:\n            return\n', 'if not dry_run:\n        asyncio_run(run())\n', 'if not dry_run:\n        asyncio_run(run())\n', 'if not dry_run:\n        asyncio_run(run())\n', 'if remove:\n                schedule_ids = {models.ScheduleId(int(x)) for x in remove if x.isdigit()}\n', 'if not dry_run:\n        asyncio_run(run())\n', 'if __name__ == ""__main__"":\n    app(prog_name=""pgqueuer"")\n', 'print(repr(event.root))', 'print(clear_and_home, end="""")', 'print(qb.QueryBuilderEnvironment(qb.DBSettings(durability=durability)).build_install_query())', 'print(qb.QueryBuilderEnvironment().build_uninstall_query())', 'print(f""\\n{\'-\' * 50}\\n"".join(qb.QueryBuilderEnvironment().build_upgrade_queries()))', 'headers=[""Created"", ""Count"", ""Entrypoint"", ""Status"", ""Priority""]', 'app = typer.Typer(', 'no_args_is_help=True,', 'pretty_exceptions_show_locals=False,', 'factory_fn_ref: str | None = None', 'os.environ[""PGQUEUER_PREFIX""] = self.prefix', 'dsn = self.pg_dsn or db.dsn(', 'database=self.pg_database,', 'password=self.pg_password,', 'port=self.pg_port,', 'user=self.pg_user,', 'host=self.pg_host,', 'dsn = helpers.add_schema_to_dsn(dsn, self.pg_schema)', 'prefix: str = typer.Option(', 'pg_dsn: str = typer.Option(', 'pg_host: str = typer.Option(', 'pg_port: str = typer.Option(', 'pg_user: str = typer.Option(', 'pg_database: str = typer.Option(', 'pg_password: str = typer.Option(', 'pg_schema: str = typer.Option(', 'factory_fn_ref: str | None = typer.Option(', 'config = AppConfig(', 'prefix=prefix,', 'pg_dsn=pg_dsn,', 'pg_host=pg_host,', 'pg_port=pg_port,', 'pg_user=pg_user,', 'pg_database=pg_database,', 'pg_password=pg_password,', 'pg_schema=pg_schema,', 'factory_fn_ref=factory_fn_ref,', 'ctx.obj = config', 'db.AsyncpgDriver(await asyncpg.connect(dsn=config.dsn)),', 'qbe=qb.QueryBuilderEnvironment(settings),', 'qbq=qb.QueryQueueBuilder(settings),', 'qbs=qb.QuerySchedulerBuilder(settings),', 'await psycopg.AsyncConnection.connect(config.dsn, autocommit=True)', 'qbe=qb.QueryBuilderEnvironment(settings),', 'qbq=qb.QueryQueueBuilder(settings),', 'qbs=qb.QuerySchedulerBuilder(settings),', 'config: AppConfig = ctx.obj', 'factory_fn = factories.load_factory(config.factory_fn_ref)', 'factory_fn = create_default_queries_factory(config, settings)', 'tablefmt=os.environ.get(qb.add_prefix(""TABLEFMT""), ""pretty""),', 'queue = asyncio.Queue[models.AnyEvent]()', 'event = await queue.get()', 'tablefmt=os.environ.get(qb.add_prefix(""TABLEFMT""), ""pretty""),', 'dry_run: bool = typer.Option(', 'durability: qb.Durability = typer.Option(', 'print(qb.QueryBuilderEnvironment(qb.DBSettings(durability=durability)).build_install_query())', 'async with yield_queries(ctx, qb.DBSettings(durability=durability)) as q:', 'dry_run: bool = typer.Option(', 'dry_run: bool = typer.Option(', 'durability: qb.Durability = typer.Option(', 'async with yield_queries(ctx, qb.DBSettings(durability=durability)) as q:', 'interval: float | None = typer.Option(', 'tail: int = typer.Option(', 'interval_td = timedelta(seconds=interval) if interval is not None else None', 'channel: str = typer.Option(', 'factory_fn: str = typer.Argument(', 'dequeue_timeout: float = typer.Option(', 'batch_size: int = typer.Option(', 'restart_delay: float = typer.Option(', 'restart_on_failure: bool = typer.Option(', 'log_level: logconfig.LogLevel = typer.Option(', 'dequeue_timeout=timedelta(seconds=dequeue_timeout),', 'batch_size=batch_size,', 'restart_delay=timedelta(seconds=restart_delay if restart_on_failure else 0),', 'restart_on_failure=restart_on_failure,', 'shutdown=asyncio.Event(),', 'remove: list[str] = typer.Option(', 'entrypoint: str = typer.Argument(', 'payload: str | None = typer.Argument(', 'priority=0,', 'execute_after=timedelta(seconds=0),', 'durability: qb.Durability = typer.Argument(', 'dry_run: bool = typer.Option(', 'qb.DBSettings(durability=durability)', 'async with yield_queries(ctx, qb.DBSettings(durability=durability)) as q:', 'schedule_ids = {models.ScheduleId(int(x)) for x in remove if x.isdigit()}', 'schedule_names = {x for x in remove if not x.isdigit()}', 'schedule_ids = {models.ScheduleId(int(x)) for x in remove if x.isdigit()}', 'schedule_names = {x for x in remove if not x.isdigit()}', 'str:\n        dsn = self', 'None:\n            dsn = helpers', 'prefix: str = typer', 'pg_dsn: str = typer', 'pg_host: str = typer', 'pg_port: str = typer', 'pg_user: str = typer', 'pg_database: str = typer', 'pg_password: str = typer', 'pg_schema: str = typer', 'config: AppConfig = ctx', 'factory_fn_ref:\n        factory_fn = factories', 'else:\n        factory_fn = create_default_queries_factory', 'None:\n    queue = asyncio', 'True:\n        event = await', 'dry_run: bool = typer', 'dry_run: bool = typer', 'dry_run: bool = typer', 'tail: int = typer', 'None:\n    interval_td = timedelta', 'channel: str = typer', 'factory_fn: str = typer', 'dequeue_timeout: float = typer', 'batch_size: int = typer', 'restart_delay: float = typer', 'restart_on_failure: bool = typer', 'entrypoint: str = typer', 'dry_run: bool = typer', 'real-time', 'user-supplied', 'dequeue-timeout', 'batch-size', 'restart-delay', 'restart-on', 'restart-on', 'log-level', ' not None', ' not dry_run', ' not dry_run', ' not dry_run', ' not None', ' not x', ' not dry_run', 'com/janbjorge', 'str | None', 'str | None', 'timedelta | None', 'float | None', 'str | None', 'prefix\n\n    @property', 'dsn\n\n\n@app', 'factory\n\n\n@contextlib', 'documentation and examples:']","['decaratorfunc', 'decaratorfunc', 'decaratorfunc', 'decaratorfunc', 'decaratorfunc', 'decaratorfunc', 'decaratorfunc', 'decaratorfunc', 'decaratorfunc', 'decaratorfunc', 'decaratorfunc', 'decaratorfunc', 'decaratorclass', '__name__', 'whilesimple', 'whilesimple', 'asextension', 'asextension', 'tryexcept', 'raise', 'importfunc', 'importfunc', 'importfunc', 'importfunc', 'importfunc', 'importfunc', 'importfunc', 'importfunc', 'importfunc', 'importfunc', 'importfunc', 'importfunc', 'importfunc', 'importfunc', 'importfromsimple', 'importfromsimple', 'importfromsimple', 'importfromsimple', 'importfromsimple', 'importfromsimple', 'importfromsimple', 'importfromsimple', 'importfromsimple', 'simplefunc', 'simplefunc', 'simplefunc', 'simplefunc', 'simplefunc', 'simplefunc', 'simplefunc', 'simplefunc', 'simplefunc', 'simplefunc', 'simplefunc', 'return', 'return', 'return', 'return', 'return', 'simpleif', 'simpleif', 'simpleif', 'simpleif', 'simpleif', 'simpleif', 'simpleif', 'simpleif', 'simpleif', 'simpleif', 'printfunc', 'printfunc', 'printfunc', 'printfunc', 'printfunc', 'simpleList', 'simpleAssign', 'simpleAssign', 'simpleAssign', 'simpleAssign', 'simpleAssign', 'simpleAssign', 'simpleAssign', 'simpleAssign', 'simpleAssign', 'simpleAssign', 'simpleAssign', 'simpleAssign', 'simpleAssign', 'simpleAssign', 'simpleAssign', 'simpleAssign', 'simpleAssign', 'simpleAssign', 'simpleAssign', 'simpleAssign', 'simpleAssign', 'simpleAssign', 'simpleAssign', 'simpleAssign', 'simpleAssign', 'simpleAssign', 'simpleAssign', 'simpleAssign', 'simpleAssign', 'simpleAssign', 'simpleAssign', 'simpleAssign', 'simpleAssign', 'simpleAssign', 'simpleAssign', 'simpleAssign', 'simpleAssign', 'simpleAssign', 'simpleAssign', 'simpleAssign', 'simpleAssign', 'simpleAssign', 'simpleAssign', 'simpleAssign', 'simpleAssign', 'simpleAssign', 'simpleAssign', 'simpleAssign', 'simpleAssign', 'simpleAssign', 'simpleAssign', 'simpleAssign', 'simpleAssign', 'simpleAssign', 'simpleAssign', 'simpleAssign', 'simpleAssign', 'simpleAssign', 'simpleAssign', 'simpleAssign', 'simpleAssign', 'simpleAssign', 'simpleAssign', 'simpleAssign', 'simpleAssign', 'simpleAssign', 'simpleAssign', 'simpleAssign', 'simpleAssign', 'simpleAssign', 'simpleAssign', 'simpleAssign', 'simpleAssign', 'simpleAssign', 'simpleAssign', 'simpleAssign', 'simpleAssign', 'simpleAssign', 'simpleAssign', 'simpleSet', 'simpleSet', 'setComprehension', 'setComprehension', 'annAssign', 'annAssign', 'annAssign', 'annAssign', 'annAssign', 'annAssign', 'annAssign', 'annAssign', 'annAssign', 'annAssign', 'annAssign', 'annAssign', 'annAssign', 'annAssign', 'annAssign', 'annAssign', 'annAssign', 'annAssign', 'annAssign', 'annAssign', 'annAssign', 'annAssign', 'annAssign', 'annAssign', 'annAssign', 'annAssign', 'annAssign', 'annAssign', 'biSub', 'biSub', 'biSub', 'biSub', 'biSub', 'biSub', 'biSub', 'biSub', 'unaryNot', 'unaryNot', 'unaryNot', 'unaryNot', 'unaryNot', 'unaryNot', 'unaryNot', 'bidivide', 'bitOr', 'bitOr', 'bitOr', 'bitOr', 'bitOr', 'mathMul', 'mathMul', 'mathMul', 'boolAnd']",149,28,14,6,13,1
janbjorge__pgqueuer__pr2327904675__20251223_042153__03d3f070e1d63c543d9313194bbfbd9a3a331db3__supervisor_after,"['while not shutdown.is_set():', 'try:\n            async with factories.run_factory(factory()) as manager:\n                setup_shutdown_handlers(manager, shutdown)\n                await run_manager(manager, dequeue_timeout, batch_size, mode)\n        except Exception as exc:', 'raise ValueError(f""\'restart_delay\' must be >= 0. Got {restart_delay!r}"")', 'raise NotImplementedError(f""Unsupported instance type: {type(mananger)}"")', 'import annotations\n', 'import asyncio\n', 'import signal\n', 'import timedelta\n', 'from __future__ import annotations\n\nimport asyncio\n', 'from datetime import timedelta\n', 'return manager\n', 'if isinstance(manager, qm.QueueManager | sm.SchedulerManager):\n        manager.shutdown = shutdown\n', 'if isinstance(manager, applications.PgQueuer):\n        manager.shutdown = shutdown\n', 'if restart_delay < timedelta(0):\n        raise ValueError(f""\'restart_delay\' must be >= 0. Got {restart_delay!r}"")\n', 'if not restart_on_failure:\n                raise\n', 'if not shutdown.is_set():\n            await await_shutdown_or_timeout(shutdown, restart_delay)\n', 'if isinstance(mananger, qm.QueueManager):\n        await mananger.run(\n', 'if isinstance(mananger, sm.SchedulerManager):\n        await mananger.run()\n', 'if isinstance(mananger, applications.PgQueuer):\n        await mananger.run(\n', 'if not shutdown.is_set():\n        logconfig.logger.info(""Attempting to restart..."")\n', 'for not_done in pending:', 'Manager: TypeAlias = qm.QueueManager | sm.SchedulerManager | applications.PgQueuer', 'ManagerFactory: TypeAlias = Callable[', 'manager.shutdown = shutdown', 'manager.shutdown = shutdown', 'manager.qm.shutdown = shutdown', 'manager.sm.shutdown = shutdown', 'loop = asyncio.get_event_loop()', 'raise ValueError(f""\'restart_delay\' must be >= 0. Got {restart_delay!r}"")', 'exc_info=exc,', 'dequeue_timeout=dequeue_timeout,', 'batch_size=batch_size,', 'mode=mode,', 'dequeue_timeout=dequeue_timeout,', 'batch_size=batch_size,', 'mode=mode,', '_, pending = await asyncio.wait(', 'return_when=asyncio.FIRST_COMPLETED,', 'Manager: TypeAlias = qm', 'ManagerFactory: TypeAlias = Callable', ' not shutdown', ' not restart_on_failure', ' not shutdown', ' not shutdown', 'Signal %d', 'Waiting %r', 'QueueManager | sm', 'SchedulerManager | applications', 'QueueManager | sm', 'SchedulerManager | applications', 'QueueManager | sm']","['whilesimple', 'tryexcept', 'raise', 'raise', 'importfunc', 'importfunc', 'importfunc', 'importfunc', 'importfromsimple', 'importfromsimple', 'return', 'simpleif', 'simpleif', 'simpleif', 'simpleif', 'simpleif', 'simpleif', 'simpleif', 'simpleif', 'simpleif', 'forsimple', 'simpleAssign', 'simpleAssign', 'simpleAssign', 'simpleAssign', 'simpleAssign', 'simpleAssign', 'simpleAssign', 'simpleAssign', 'simpleAssign', 'simpleAssign', 'simpleAssign', 'simpleAssign', 'simpleAssign', 'simpleAssign', 'simpleAssign', 'simpleAssign', 'simpleAssign', 'annAssign', 'annAssign', 'unaryNot', 'unaryNot', 'unaryNot', 'unaryNot', 'modulo', 'modulo', 'bitOr', 'bitOr', 'bitOr', 'bitOr', 'bitOr']",40,6,3,2,0,0
janbjorge__pgqueuer__pr2475411025__20251223_042135__da25653fe65c900b88a2fec3a01a578a0faed373__test_drivers_before,"['@asynccontextmanager\nasync def', '@asynccontextmanager\nasync def', '@asynccontextmanager\nasync def', '@asynccontextmanager\nasync def', '@pytest.mark.parametrize(""driver"", drivers())\nasync def', '@pytest.mark.parametrize(""driver"", drivers())\nasync def', '@pytest.mark.parametrize(""driver"", drivers())\nasync def', '@pytest.mark.parametrize(""driver"", drivers())\nasync def', '@pytest.mark.parametrize(""driver"", drivers())\nasync def', 'name = d.__class__', 'name = d.__class__', 'try:\n        yield conn\n    finally:', 'assert list(await d.fetch(""SELECT 1 as one, 2 as two"")) == [{""one"": 1, ""two"": 2}]', 'assert result == [{""one"": 1}]', 'assert result == [{""two"": 2}]', 'assert result == [{""one"": 1}]', 'try:\n                await d.execute(rolledback(sql))\n            except psycopg.errors.ProgrammingError as exc:\n                assert ""query parameter missing"" in str(exc)\n        else:', 'try:\n                await d.execute(rolledback(sql))\n            except psycopg.errors.ProgrammingError as exc:', 'raise NotADirectoryError(d)', 'assert list(await d.fetch(""SELECT 1 as one, 2 as two"")) == [{""one"": 1, ""two"": 2}]\n', 'assert await asyncio.wait_for(event, timeout=1) == payload\n', 'assert (await asyncio.wait_for(listener.get(), timeout=1)) == payload\n', 'assert _named_parameter(args) == {}\n', 'assert _named_parameter(args) == expected\n', 'assert _named_parameter(args) == expected\n', 'assert _named_parameter(args) == expected\n', 'assert _named_parameter(args) == expected\n', 'assert _named_parameter(args) == expected\n', 'assert _replace_dollar_named_parameter(query) == expected\n', 'assert _replace_dollar_named_parameter(query) == expected\n', 'assert _replace_dollar_named_parameter(query) == expected\n', 'assert _replace_dollar_named_parameter(query) == expected\n', 'assert _replace_dollar_named_parameter(query) == expected\n', 'assert _replace_dollar_named_parameter(query) == expected\n', 'assert _replace_dollar_named_parameter(query) == expected\n', 'assert _replace_dollar_named_parameter(query) == expected\n', 'assert result == [{""one"": 1}]\n', 'assert result == [{""two"": 2}]\n', 'assert result == [{""one"": 1}]\n', 'expected = {""parameter_1"": 42}', 'expected = {""parameter_1"": 42, ""parameter_2"": ""test"", ""parameter_3"": 3.14}', 'expected = {""parameter_1"": None, ""parameter_2"": ""test""}', 'expected = {""parameter_1"": ""@#$"", ""parameter_2"": ""test"", ""parameter_3"": ""123""}', 'import asyncio\n', 'import functools\n', 'import inspect\n', 'import asyncpg\n', 'import psycopg\n', 'import pytest\n', 'import dsn\n', 'import utc_now\n', 'import TableChangedEvent\n', 'import Channel\n', 'from typing import AsyncContextManager, AsyncGenerator, Callable\n\nimport asyncpg\n', 'from conftest import dsn\n', 'from pgqueuer.helpers import utc_now\n', 'from pgqueuer.models import TableChangedEvent\n', 'from pgqueuer.types import Channel\n', 'def asyncpg_connect() -> AsyncGenerator[asyncpg.Connection, None]:\n', 'def apgdriver() -> AsyncGenerator[AsyncpgDriver, None]:\n', 'def apgpooldriver() -> AsyncGenerator[AsyncpgPoolDriver, None]:\n', 'def psydriver() -> AsyncGenerator[PsycopgDriver, None]:\n', 'def drivers() -> tuple[Callable[..., AsyncContextManager[Driver]], ...]:\n', 'def test_named_parameter_empty() -> None:\n', 'def test_named_parameter_single() -> None:\n', 'def test_named_parameter_multiple() -> None:\n', 'def test_named_parameter_with_none() -> None:\n', 'def test_named_parameter_with_special_characters() -> None:\n', 'def test_named_parameter_with_mixed_types() -> None:\n', 'def test_replace_dollar_named_parameter_no_dollars() -> None:\n', 'def test_replace_dollar_named_parameter_single() -> None:\n', 'def test_replace_dollar_named_parameter_multiple() -> None:\n', 'def test_replace_dollar_named_parameter_repeated() -> None:\n', 'def test_replace_dollar_named_parameter_non_sequential() -> None:\n', 'def test_replace_dollar_named_parameter_mixed() -> None:\n', 'def test_replace_dollar_named_parameter_edge_case() -> None:\n', 'def test_replace_dollar_named_parameter_large_numbers() -> None:\n', 'def test_no_autocommit_raises() -> None:\n', 'return [\n', 'return (\n', 'return f""BEGIN; {sql}; ROLLBACK;""\n', 'if name == ""build_install_query"":\n        pytest.skip()\n', 'if isinstance(d, AsyncpgDriver | AsyncpgPoolDriver):\n            with suppress(asyncpg.exceptions.UndefinedParameterError):\n', 'if isinstance(d, PsycopgDriver):\n            try:\n', 'args = (42,)', 'args = (42, ""test"", 3.14)', 'args = (None, ""test"")', 'args = (""@#$"", ""test"", ""123"")', 'args = (42, ""test"", 3.14, None, True)', 'assert list(await d.fetch(""SELECT 1 as one, 2 as two"")) == [{""one"": 1, ""two"": 2}]', 'assert result == [{""one"": 1}]', 'assert result == [{""two"": 2}]', 'assert result == [{""one"": 1}]', 'conn = await asyncpg.connect(dsn=dsn())', 'asyncpg.create_pool(dsn=dsn()) as pool,', 'conninfo=dsn(),', 'autocommit=True,', 'event = asyncio.Future[str | bytearray | bytes]()', 'name = d.__class__.__name__.lower()', 'payload = f""hello_from_{name}""', 'channel = f""test_notify_{name}""', 'DBSettings(channel=channel),', 'assert await asyncio.wait_for(event, timeout=1) == payload', 'sql = query()', 'sql = sql if isinstance(sql, str) else f""\\n{\'-\' * 50}\\n"".join(x for x in sql)', 'name = d.__class__.__name__.lower()', 'channel = Channel(f""test_event_listener_{name}"")', 'payload = TableChangedEvent(', 'channel=channel,', 'sent_at=utc_now(),', 'listener = PGNoticeEventListener()', 'notice_event_queue=listener,', 'QueryQueueBuilder(DBSettings(channel=channel)).build_notify_query(),', 'assert (await asyncio.wait_for(listener.get(), timeout=1)) == payload', 'assert _named_parameter(args) == expected', 'assert _named_parameter(args) == expected', 'assert _named_parameter(args) == expected', 'assert _named_parameter(args) == expected', 'assert _named_parameter(args) == expected', 'expected = query', 'assert _replace_dollar_named_parameter(query) == expected', 'assert _replace_dollar_named_parameter(query) == expected', 'assert _replace_dollar_named_parameter(query) == expected', 'assert _replace_dollar_named_parameter(query) == expected', 'assert _replace_dollar_named_parameter(query) == expected', 'assert _replace_dollar_named_parameter(query) == expected', 'assert _replace_dollar_named_parameter(query) == expected', 'assert _replace_dollar_named_parameter(query) == expected', 'result = await d.fetch(""SELECT 1 as one"")', 'result = await d.fetch(""SELECT 2 as two"")', 'result = pgdriver.fetch(""SELECT 1 as one"")', 'async with await psycopg.AsyncConnection.connect(conninfo=dsn()) as conn:', 'statistics={}', 'canceled={}', 'assert _named_parameter(args) == {}', 'expected = {""parameter_1"": 42}', 'expected = {""parameter_1"": 42, ""parameter_2"": ""test"", ""parameter_3"": 3.14}', 'expected = {""parameter_1"": None, ""parameter_2"": ""test""}', 'expected = {""parameter_1"": ""@#$"", ""parameter_2"": ""test"", ""parameter_3"": ""123""}', 'None:\n    event = asyncio', 'd:\n        name = d', 'd:\n        name = d', 'non-sequential', ' not name', ' not pick', ' not pick', 'str | bytearray', 'AsyncpgDriver | AsyncpgPoolDriver', 'x\n\n\n@asynccontextmanager', 'x\n\n\n@asynccontextmanager', 'payload\n\n\n@pytest', 'expected\n\n\n@pytest']","['decaratorfunc', 'decaratorfunc', 'decaratorfunc', 'decaratorfunc', 'decaratorfunc', 'decaratorfunc', 'decaratorfunc', 'decaratorfunc', 'decaratorfunc', '__class__', '__class__', 'tryfinally', 'listwithdict', 'listwithdict', 'listwithdict', 'listwithdict', 'tryexceptelse', 'tryexcept', 'raise', 'assert', 'assert', 'assert', 'assert', 'assert', 'assert', 'assert', 'assert', 'assert', 'assert', 'assert', 'assert', 'assert', 'assert', 'assert', 'assert', 'assert', 'assert', 'assert', 'assert', 'simpleDict', 'simpleDict', 'simpleDict', 'simpleDict', 'importfunc', 'importfunc', 'importfunc', 'importfunc', 'importfunc', 'importfunc', 'importfunc', 'importfunc', 'importfunc', 'importfunc', 'importfromsimple', 'importfromsimple', 'importfromsimple', 'importfromsimple', 'importfromsimple', 'simplefunc', 'simplefunc', 'simplefunc', 'simplefunc', 'simplefunc', 'simplefunc', 'simplefunc', 'simplefunc', 'simplefunc', 'simplefunc', 'simplefunc', 'simplefunc', 'simplefunc', 'simplefunc', 'simplefunc', 'simplefunc', 'simplefunc', 'simplefunc', 'simplefunc', 'simplefunc', 'return', 'return', 'return', 'simpleif', 'simpleif', 'simpleif', 'simpleTuple', 'simpleTuple', 'simpleTuple', 'simpleTuple', 'simpleTuple', 'simpleList', 'simpleList', 'simpleList', 'simpleList', 'simpleAssign', 'simpleAssign', 'simpleAssign', 'simpleAssign', 'simpleAssign', 'simpleAssign', 'simpleAssign', 'simpleAssign', 'simpleAssign', 'simpleAssign', 'simpleAssign', 'simpleAssign', 'simpleAssign', 'simpleAssign', 'simpleAssign', 'simpleAssign', 'simpleAssign', 'simpleAssign', 'simpleAssign', 'simpleAssign', 'simpleAssign', 'simpleAssign', 'simpleAssign', 'simpleAssign', 'simpleAssign', 'simpleAssign', 'simpleAssign', 'simpleAssign', 'simpleAssign', 'simpleAssign', 'simpleAssign', 'simpleAssign', 'simpleAssign', 'simpleAssign', 'simpleAssign', 'simpleAssign', 'simpleAssign', 'simpleAssign', 'simpleAssign', 'simpleSet', 'simpleSet', 'simpleSet', 'simpleSet', 'simpleSet', 'simpleSet', 'simpleSet', 'annAssign', 'annAssign', 'annAssign', 'biSub', 'unaryNot', 'unaryNot', 'unaryNot', 'bitOr', 'bitOr', 'mathMul', 'mathMul', 'mathMul', 'mathMul']",54,41,18,25,13,1
janbjorge__pgqueuer__pr2259303873__20251223_042201__da022f595e3209832b2f1c2c3c1892959a4c02c4__supervisor_before,"['while not shutdown.is_set():\n        try:\n            instance = await factory_fn()\n            logconfig.logger.info(""Instance created: %s"", type(instance).__name__)\n\n            if isinstance(instance, qm.QueueManager | sm.SchedulerManager):\n                instance.shutdown = shutdown\n            elif isinstance(instance, applications.PgQueuer):\n                instance.shutdown = shutdown\n                instance.qm.shutdown = shutdown\n                instance.sm.shutdown = shutdown\n            else:\n                raise NotImplementedError(\n                    f""Unsupported instance type: {type(instance).__name__}. This instance is ""\n                    ""not recognized as a valid QueueManager, SchedulerManager, or PgQueuer.""\n                )\n\n        except Exception as exc:\n            if not restart_on_failure:\n                raise\n            logconfig.logger.exception(\n                ""Error creating or configuring instance."",\n                exc_info=exc,\n            )\n            await await_shutdown_or_timeout(shutdown, restart_delay)\n            continue', 'while not shutdown.is_set():', 'try:\n            await run_instance(instance, dequeue_timeout, batch_size)\n        except Exception as exc:', 'raise ValueError(f""\'restart_delay\' must be >= {t0}. Got {restart_delay!r}"")', 'raise NotImplementedError(f""Unsupported instance type: {type(instance)}"")', 'import annotations\n', 'import asyncio\n', 'import signal\n', 'import timedelta\n', 'import load_factory\n', 'from __future__ import annotations\n\nimport asyncio\n', 'from datetime import timedelta\n', 'from pgqueuer.factories import load_factory\n', 'return load_factory(factory_path)\n', 'if restart_delay < t0:\n        raise ValueError(f""\'restart_delay\' must be >= {t0}. Got {restart_delay!r}"")\n', 'if isinstance(instance, qm.QueueManager | sm.SchedulerManager):\n                instance.shutdown = shutdown\n', 'if isinstance(instance, applications.PgQueuer):\n                instance.shutdown = shutdown\n', 'if not restart_on_failure:\n                raise\n', 'if not restart_on_failure:\n                raise\n', 'if not shutdown.is_set():\n            await await_shutdown_or_timeout(shutdown, restart_delay)\n', 'if isinstance(instance, qm.QueueManager):\n        await instance.run(dequeue_timeout=dequeue_timeout, batch_size=batch_size)\n', 'if isinstance(instance, sm.SchedulerManager):\n        await instance.run()\n', 'if isinstance(instance, applications.PgQueuer):\n        await instance.run(dequeue_timeout=dequeue_timeout, batch_size=batch_size)\n', 'if not shutdown.is_set():\n        logconfig.logger.info(""Attempting to restart..."")\n', 'for not_done in pending:', 'QueueManagerFactory: TypeAlias = Callable[[], Awaitable[qm.QueueManager]]', 'SchedulerManagerFactory: TypeAlias = Callable[[], Awaitable[sm.SchedulerManager]]', 'PgQueuerFactory: TypeAlias = Callable[[], Awaitable[applications.PgQueuer]]', 'FactoryType: TypeAlias = QueueManagerFactory | SchedulerManagerFactory | PgQueuerFactory', 't0 = timedelta(seconds=0)', 'factory_fn = load_manager_factory(factory) if isinstance(factory, str) else factory', 'instance = await factory_fn()', 'instance.shutdown = shutdown', 'instance.shutdown = shutdown', 'instance.qm.shutdown = shutdown', 'instance.sm.shutdown = shutdown', 'exc_info=exc,', 'exc_info=exc,', 'loop = asyncio.get_event_loop()', 'await instance.run(dequeue_timeout=dequeue_timeout, batch_size=batch_size)', 'await instance.run(dequeue_timeout=dequeue_timeout, batch_size=batch_size)', '_, pending = await asyncio.wait(', 'return_when=asyncio.FIRST_COMPLETED,', 'raise ValueError(f""\'restart_delay\' must be >= {t0}. Got {restart_delay!r}', 'QueueManagerFactory: TypeAlias = Callable', 'SchedulerManagerFactory: TypeAlias = Callable', 'PgQueuerFactory: TypeAlias = Callable', 'FactoryType: TypeAlias = QueueManagerFactory', 'try:\n            instance = await', 'factory-style', 'factory-style', ' not shutdown', ' not restart_on_failure', ' not restart_on_failure', ' not shutdown', ' not shutdown', 'Signal %d', 'Waiting %r', 'QueueManagerFactory | SchedulerManagerFactory', 'str | FactoryType', 'QueueManager | sm', 'QueueManager | sm', 'SchedulerManager | applications']","['whilecontinue', 'whilesimple', 'tryexcept', 'raise', 'raise', 'importfunc', 'importfunc', 'importfunc', 'importfunc', 'importfunc', 'importfromsimple', 'importfromsimple', 'importfromsimple', 'return', 'simpleif', 'simpleif', 'simpleif', 'simpleif', 'simpleif', 'simpleif', 'simpleif', 'simpleif', 'simpleif', 'simpleif', 'forsimple', 'simpleAssign', 'simpleAssign', 'simpleAssign', 'simpleAssign', 'simpleAssign', 'simpleAssign', 'simpleAssign', 'simpleAssign', 'simpleAssign', 'simpleAssign', 'simpleAssign', 'simpleAssign', 'simpleAssign', 'simpleAssign', 'simpleAssign', 'simpleAssign', 'simpleAssign', 'simpleAssign', 'simpleSet', 'annAssign', 'annAssign', 'annAssign', 'annAssign', 'annAssign', 'biSub', 'biSub', 'unaryNot', 'unaryNot', 'unaryNot', 'unaryNot', 'unaryNot', 'modulo', 'modulo', 'bitOr', 'bitOr', 'bitOr', 'bitOr', 'bitOr']",48,7,6,2,0,0
janbjorge__pgqueuer__pr2281573752__20251223_042143__6dfa62934b730952a832cc78db51655e37ad3899__test_executors_before,"['@pytest.mark.asyncio\nasync def', '@pytest.mark.asyncio\nasync def', '@pytest.mark.asyncio\nasync def', '@pytest.mark.asyncio\nasync def', '@pytest.mark.asyncio\nasync def', 'def __init__(self)', 'def __init__(self)', 'class MultiprocessingExecutor(AbstractEntrypointExecutor):', 'class ThreadingExecutor(AbstractEntrypointExecutor):', 'class CustomExecutor(AbstractEntrypointExecutor):', 'assert result == [b""test_payload""]\n', 'assert result == [b""test_payload""]\n', 'assert executor.result == [b""thread_payload""]\n', 'assert result == b""process_payload""\n', 'assert results == [b""test_data""]\n', 'assert sum(j.id == mj.id for j in jobs) == exc.max_attempts\n', 'assert sum(j.id == mj.id for j in jobs) == exc.max_attempts\n', 'assert timedelta(seconds=1) > elp() > timedelta(seconds=0.1)\n', 'assert timedelta(seconds=1) > elp() > timedelta(seconds=0.1)\n', '    def entrypoint_function(job: Job) -> None:\n        pass', 'def sync_function(job: Job) -> None:\n    pass', '        def sync_method(self, job: Job) -> None:\n            pass', 'import asyncio\n', 'import functools\n', 'import timedelta\n', 'import anyio\n', 'import pytest\n', 'import mocked_job\n', 'import Driver\n', 'import timer\n', 'import QueueManager\n', 'import Queries\n', 'from datetime import timedelta\n', 'from multiprocessing import Process, Queue as MPQueue\n\nimport anyio\n', 'from helpers import mocked_job\n', 'from pgqueuer.db import Driver\n', 'from pgqueuer.helpers import timer\n', 'from pgqueuer.qm import QueueManager\n', 'from pgqueuer.queries import Queries\n', 'self.requests_per_second = 5', 'self.retry_timer = timedelta(seconds=10)', 'self.serialized_dispatch = False', 'self.concurrency_limit = 2', 'self.queue: MPQueue[object] = MPQueue()', 'self.process_function, args=(job,))', 'self.requests_per_second = 10', 'self.retry_timer = timedelta(seconds=5)', 'self.serialized_dispatch = False', 'self.concurrency_limit = 5', 'self.result = list[bytes]()', 'def __init__(self) -> None:\n', 'def test_custom_threading_executor() -> None:\n', 'def __init__(self) -> None:\n', 'def test_custom_multiprocessing_executor() -> None:\n', 'def run_queue_manager() -> None:\n', 'def test_is_async_callable_with_async_function() -> None:\n', 'def test_is_async_callable_with_sync_function() -> None:\n', 'def test_is_async_callable_with_partial_async_function() -> None:\n', 'def test_is_async_callable_with_partial_sync_function() -> None:\n', 'def test_is_async_callable_with_class_method() -> None:\n', 'return\n        raise ValueError\n', 'if job.payload:\n            self.queue.put(job.payload)\n', 'if job.payload:\n            result.append(job.payload)\n', 'if job.payload:\n            result.append(job.payload)\n', 'if job.payload:\n                self.result.append(job.payload)\n', 'if job.payload:\n                results.append(job.payload)\n', 'if len(jobs) > N:\n            return\n', 'process = Process(target=self.process_function, args=(job,))', 'result = []', 'assert result == [b""test_payload""]', 'result = []', 'assert result == [b""test_payload""]', 'assert executor.result == [b""thread_payload""]', 'results = []', 'assert results == [b""test_data""]', 'requests_per_second=float(""+inf""),', 'requests_per_second=float(""+inf""),', 'requests_per_second=float(""+inf""),', 'requests_per_second=float(""+inf""),', 'requests_per_second=float(""+inf""),', 'self.requests_per_second = 5', 'self.retry_timer = timedelta(seconds=10)', 'self.serialized_dispatch = False', 'self.concurrency_limit = 2', 'self.queue: MPQueue[object] = MPQueue()', 'process = Process(target=self.process_function, args=(job,))', 'executor = EntrypointExecutor(', 'channel=PGChannel(""foo""),', 'concurrency_limit=10,', 'connection=apgdriver,', 'queries=Queries(apgdriver),', 'requests_per_second=float(""+inf""),', 'retry_timer=timedelta(seconds=300),', 'serialized_dispatch=False,', 'shutdown=asyncio.Event(),', 'func=sync_function,', 'job = mocked_job(payload=b""test_payload"")', 'executor = EntrypointExecutor(', 'channel=PGChannel(""foo""),', 'concurrency_limit=10,', 'connection=apgdriver,', 'queries=Queries(apgdriver),', 'requests_per_second=float(""+inf""),', 'retry_timer=timedelta(seconds=300),', 'serialized_dispatch=False,', 'shutdown=asyncio.Event(),', 'func=async_function,', 'job = mocked_job(payload=b""test_payload"")', 'self.requests_per_second = 10', 'self.retry_timer = timedelta(seconds=5)', 'self.serialized_dispatch = False', 'self.concurrency_limit = 5', 'self.result = list[bytes]()', 'loop = asyncio.get_event_loop()', 'executor = ThreadingExecutor()', 'job = mocked_job(payload=b""thread_payload"")', 'executor = MultiprocessingExecutor()', 'job = mocked_job(payload=b""process_payload"")', 'result = executor.queue.get()', 'assert result == b""process_payload""', 'qm = QueueManager(connection=apgdriver)', 'executor_factory=CustomExecutor,', 'queries = Queries(apgdriver)', 'await queries.enqueue(entrypoint=""custom_entrypoint"", payload=b""test_data"")', 'await qm.run(dequeue_timeout=timedelta(seconds=2), batch_size=1)', 'task = asyncio.create_task(run_queue_manager())', 'partial_async = functools.partial(async_function)', 'partial_sync = functools.partial(sync_function)', 'instance = MyClass()', 'jobs = list[Job]()', 'parameters = EntrypointExecutorParameters(', 'channel=PGChannel(""test_retry_with_backoff_entrypoint_executor_max_attempts""),', 'concurrency_limit=10,', 'connection=apgdriver,', 'queries=Queries(apgdriver),', 'requests_per_second=float(""+inf""),', 'retry_timer=timedelta(seconds=300),', 'serialized_dispatch=False,', 'shutdown=asyncio.Event(),', 'func=raises,', 'exc = RetryWithBackoffEntrypointExecutor(', 'initial_delay=0,', 'jitter=lambda: 0,', 'exc.max_attempts = 5', 'exc.max_time = timedelta(seconds=300)', 'mj = mocked_job()', 'assert sum(j.id == mj.id for j in jobs) == exc.max_attempts', 'exc.max_attempts = 10', 'exc.max_time = timedelta(seconds=300)', 'mj = mocked_job()', 'assert sum(j.id == mj.id for j in jobs) == exc.max_attempts', 'jobs = list[Job]()', 'parameters = EntrypointExecutorParameters(', 'channel=PGChannel(""test_retry_with_backoff_entrypoint_executor_max_time""),', 'concurrency_limit=10,', 'connection=apgdriver,', 'queries=Queries(apgdriver),', 'requests_per_second=float(""+inf""),', 'retry_timer=timedelta(seconds=300),', 'serialized_dispatch=False,', 'shutdown=asyncio.Event(),', 'func=raises,', 'exc = RetryWithBackoffEntrypointExecutor(', 'initial_delay=0,', 'jitter=lambda: 0,', 'exc.max_attempts = 1000', 'exc.max_time = timedelta(seconds=0.1)', 'mj = mocked_job()', 'assert timedelta(seconds=1) > elp() > timedelta(seconds=0.1)', 'exc.max_attempts = 1000', 'exc.max_time = timedelta(seconds=0.1)', 'mj = mocked_job()', 'assert timedelta(seconds=1) > elp() > timedelta(seconds=0.1)', 'N = 10', 'jobs = list[Job]()', 'parameters = EntrypointExecutorParameters(', 'channel=PGChannel(""test_retry_with_backoff_entrypoint_executor_max_time""),', 'concurrency_limit=10,', 'connection=apgdriver,', 'queries=Queries(apgdriver),', 'requests_per_second=float(""+inf""),', 'retry_timer=timedelta(seconds=300),', 'serialized_dispatch=False,', 'shutdown=asyncio.Event(),', 'func=raises,', 'exc = RetryWithBackoffEntrypointExecutor(', 'initial_delay=0,', 'jitter=lambda: 0,', 'exc.max_attempts = 1000', 'exc.max_time = timedelta(seconds=0.1)', 'mj = mocked_job()', 'None:\n        process = Process', 'None:\n            loop = asyncio', 'None:\n    executor = MultiprocessingExecutor', 'None:\n    qm = QueueManager', 'None:\n    partial_async = functools', 'None:\n    partial_sync = functools', 'None:\n    jobs = list', 'None:\n    jobs = list', 'None:\n    N = 10']","['decaratorfunc', 'decaratorfunc', 'decaratorfunc', 'decaratorfunc', 'decaratorfunc', '__init__', '__init__', 'simpleclass', 'simpleclass', 'simpleclass', 'assert', 'assert', 'assert', 'assert', 'assert', 'assert', 'assert', 'assert', 'assert', 'pass', 'pass', 'pass', 'importfunc', 'importfunc', 'importfunc', 'importfunc', 'importfunc', 'importfunc', 'importfunc', 'importfunc', 'importfunc', 'importfunc', 'importfromsimple', 'importfromsimple', 'importfromsimple', 'importfromsimple', 'importfromsimple', 'importfromsimple', 'importfromsimple', 'simpleattr', 'simpleattr', 'simpleattr', 'simpleattr', 'simpleattr', 'simpleattr', 'simpleattr', 'simpleattr', 'simpleattr', 'simpleattr', 'simpleattr', 'simplefunc', 'simplefunc', 'simplefunc', 'simplefunc', 'simplefunc', 'simplefunc', 'simplefunc', 'simplefunc', 'simplefunc', 'simplefunc', 'return', 'simpleif', 'simpleif', 'simpleif', 'simpleif', 'simpleif', 'simpleif', 'simpleTuple', 'simpleList', 'simpleList', 'simpleList', 'simpleList', 'simpleList', 'simpleList', 'simpleList', 'assignwithSum', 'assignwithSum', 'assignwithSum', 'assignwithSum', 'assignwithSum', 'simpleAssign', 'simpleAssign', 'simpleAssign', 'simpleAssign', 'simpleAssign', 'simpleAssign', 'simpleAssign', 'simpleAssign', 'simpleAssign', 'simpleAssign', 'simpleAssign', 'simpleAssign', 'simpleAssign', 'simpleAssign', 'simpleAssign', 'simpleAssign', 'simpleAssign', 'simpleAssign', 'simpleAssign', 'simpleAssign', 'simpleAssign', 'simpleAssign', 'simpleAssign', 'simpleAssign', 'simpleAssign', 'simpleAssign', 'simpleAssign', 'simpleAssign', 'simpleAssign', 'simpleAssign', 'simpleAssign', 'simpleAssign', 'simpleAssign', 'simpleAssign', 'simpleAssign', 'simpleAssign', 'simpleAssign', 'simpleAssign', 'simpleAssign', 'simpleAssign', 'simpleAssign', 'simpleAssign', 'simpleAssign', 'simpleAssign', 'simpleAssign', 'simpleAssign', 'simpleAssign', 'simpleAssign', 'simpleAssign', 'simpleAssign', 'simpleAssign', 'simpleAssign', 'simpleAssign', 'simpleAssign', 'simpleAssign', 'simpleAssign', 'simpleAssign', 'simpleAssign', 'simpleAssign', 'simpleAssign', 'simpleAssign', 'simpleAssign', 'simpleAssign', 'simpleAssign', 'simpleAssign', 'simpleAssign', 'simpleAssign', 'simpleAssign', 'simpleAssign', 'simpleAssign', 'simpleAssign', 'simpleAssign', 'simpleAssign', 'simpleAssign', 'simpleAssign', 'simpleAssign', 'simpleAssign', 'simpleAssign', 'simpleAssign', 'simpleAssign', 'simpleAssign', 'simpleAssign', 'simpleAssign', 'simpleAssign', 'simpleAssign', 'simpleAssign', 'simpleAssign', 'simpleAssign', 'simpleAssign', 'simpleAssign', 'simpleAssign', 'simpleAssign', 'simpleAssign', 'simpleAssign', 'simpleAssign', 'simpleAssign', 'simpleAssign', 'simpleAssign', 'simpleAssign', 'simpleAssign', 'simpleAssign', 'simpleAssign', 'simpleAssign', 'simpleAssign', 'simpleAssign', 'simpleAssign', 'simpleAssign', 'simpleAssign', 'simpleAssign', 'simpleAssign', 'simpleAssign', 'annAssign', 'annAssign', 'annAssign', 'annAssign', 'annAssign', 'annAssign', 'annAssign', 'annAssign', 'annAssign']",132,28,13,22,5,0
janbjorge__pgqueuer__pr2327904675__20251223_042150__03d3f070e1d63c543d9313194bbfbd9a3a331db3__applications_before,"['@dataclasses.dataclass\nclass', 'import annotations\n', 'import asyncio\n', 'import dataclasses\n', 'import timedelta\n', 'import Callable\n', 'import Driver\n', 'import Channel\n', 'import DBSettings\n', 'import QueueManager\n', 'import SchedulerManager\n', 'import TaskManager\n', 'from __future__ import annotations\n\nimport asyncio\n', 'from datetime import timedelta\n', 'from typing import Callable\n', 'self.qm = QueueManager(self.connection, self.channel)', 'self.sm = SchedulerManager(self.connection)', 'self.qm.shutdown = self.shutdown', 'self.sm.shutdown = self.shutdown', 'def __post_init__(self) -> None:\n', 'return self.qm.entrypoint(\n', 'return self.sm.schedule(\n', 'channel: Channel = dataclasses.field(', 'default=Channel(DBSettings().channel),', 'shutdown: asyncio.Event = dataclasses.field(', 'init=False,', 'default_factory=asyncio.Event,', 'qm: QueueManager = dataclasses.field(', 'init=False,', 'sm: SchedulerManager = dataclasses.field(', 'init=False,', 'self.qm = QueueManager(self.connection, self.channel)', 'self.sm = SchedulerManager(self.connection)', 'self.qm.shutdown = self.shutdown', 'self.sm.shutdown = self.shutdown', 'dequeue_timeout: timedelta = timedelta(seconds=30),', 'batch_size: int = 10,', 'burst_mode: bool = False,', 'batch_size=batch_size,', 'dequeue_timeout=dequeue_timeout,', 'brust_mode=burst_mode,', 'requests_per_second: float = float(""inf""),', 'concurrency_limit: int = 0,', 'retry_timer: timedelta = timedelta(seconds=0),', 'serialized_dispatch: bool = False,', 'executor: type[AbstractEntrypointExecutor] | None = None,', 'None = None,', 'name=name,', 'requests_per_second=requests_per_second,', 'concurrency_limit=concurrency_limit,', 'retry_timer=retry_timer,', 'serialized_dispatch=serialized_dispatch,', 'executor=executor,', 'executor_factory=executor_factory,', 'executor: type[AbstractScheduleExecutor] | None = None,', 'None = None,', 'entrypoint=entrypoint,', 'expression=expression,', 'executor=executor,', 'executor_factory=executor_factory,', 'channel: Channel = dataclasses', 'qm: QueueManager = dataclasses', 'sm: SchedulerManager = dataclasses', 'dequeue_timeout: timedelta = timedelta', 'batch_size: int = 10', 'burst_mode: bool = False', 'requests_per_second: float = float', 'concurrency_limit: int = 0', 'retry_timer: timedelta = timedelta', 'serialized_dispatch: bool = False', 'TaskManager\n\n\n@dataclasses']","['decaratorclass', 'importfunc', 'importfunc', 'importfunc', 'importfunc', 'importfunc', 'importfunc', 'importfunc', 'importfunc', 'importfunc', 'importfunc', 'importfunc', 'importfromsimple', 'importfromsimple', 'importfromsimple', 'simpleattr', 'simpleattr', 'simpleattr', 'simpleattr', 'simplefunc', 'return', 'return', 'simpleAssign', 'simpleAssign', 'simpleAssign', 'simpleAssign', 'simpleAssign', 'simpleAssign', 'simpleAssign', 'simpleAssign', 'simpleAssign', 'simpleAssign', 'simpleAssign', 'simpleAssign', 'simpleAssign', 'simpleAssign', 'simpleAssign', 'simpleAssign', 'simpleAssign', 'simpleAssign', 'simpleAssign', 'simpleAssign', 'simpleAssign', 'simpleAssign', 'simpleAssign', 'simpleAssign', 'simpleAssign', 'simpleAssign', 'simpleAssign', 'simpleAssign', 'simpleAssign', 'simpleAssign', 'simpleAssign', 'simpleAssign', 'simpleAssign', 'simpleAssign', 'simpleAssign', 'simpleAssign', 'simpleAssign', 'simpleAssign', 'annAssign', 'annAssign', 'annAssign', 'annAssign', 'annAssign', 'annAssign', 'annAssign', 'annAssign', 'annAssign', 'annAssign', 'mathMul']",50,12,3,5,0,1
janbjorge__pgqueuer__pr2327904675__20251223_042153__03d3f070e1d63c543d9313194bbfbd9a3a331db3__qm_after,"['@property\n    def', '@dataclasses.dataclass\nclass', 'while processing entrypoint/job-id: %s/%s"",\n                    job.entrypoint,\n                    job.id,\n                )\n                await jbuff.add((job, ""exception""))\n            else:', 'while not self.shutdown.is_set():', 'while not self.shutdown.is_set():', 'while processing entrypoint/job-id:', 'raise RuntimeError(f""{name} already in registry, name must be unique."")', 'raise RuntimeError(f""{name} already in registry, name must be unique."")', 'raise ValueError(""Rate must be float | int."")', 'raise ValueError(""Rate must be greater or eq. to zero."")', 'raise ValueError(""Concurrency limit must be int."")', 'raise ValueError(""Concurrency limit must be greater or eq. to zero."")', 'raise ValueError(""Serialized dispatch must be boolean"")', 'for key, enum in ((""canceled"", self.queries.qbe.settings.queue_status_type),):', 'import annotations\n', 'import asyncio\n', 'import contextlib\n', 'import dataclasses\n', 'import functools\n', 'import sys\n', 'import uuid\n', 'import warnings\n', 'import nullcontext\n', 'import timedelta\n', 'import isfinite\n', 'import anyio\n', 'from __future__ import annotations\n\nimport asyncio\n', 'from contextlib import nullcontext\n', 'from datetime import timedelta\n', 'from math import isfinite\n', 'from typing import AsyncGenerator, Callable\n\nimport anyio\n', 'self.queries = queries.Queries(self.connection)', 'self.entrypoint_registry[name] = executor', 'self.entrypoint_statistics[name] = models.EntrypointStatistics(', 'self.job_context[job.id] = models.Context(cancellation=anyio.CancelScope())', 'def alive(self) -> asyncio.Event:\n', 'def __post_init__(self) -> None:\n', 'def entrypoints_below_capacity_limits(self) -> set[str]:\n', 'def verify_structure(self) -> None:\n', 'return self.shutdown\n', 'return self.job_context[job_id]\n', 'return func\n', 'return register\n', 'return 0.0\n', 'return requests / timespan.total_seconds()\n', 'return below_rps_limit and below_concurrency_limit\n', 'return {\n', 'if name in self.entrypoint_registry:\n            raise RuntimeError(f""{name} already in registry, name must be unique."")\n', 'if executor is not None:\n            warnings.warn(\n', 'if name in self.entrypoint_registry:\n            raise RuntimeError(f""{name} already in registry, name must be unique."")\n', 'if not isinstance(requests_per_second, (float, int)):\n            raise ValueError(""Rate must be float | int."")\n', 'if requests_per_second < 0:\n            raise ValueError(""Rate must be greater or eq. to zero."")\n', 'if not isinstance(concurrency_limit, int):\n            raise ValueError(""Concurrency limit must be int."")\n', 'if concurrency_limit < 0:\n            raise ValueError(""Concurrency limit must be greater or eq. to zero."")\n', 'if not isinstance(serialized_dispatch, bool):\n            raise ValueError(""Serialized dispatch must be boolean"")\n', 'if not samples:\n            return 0.0\n', 'if events:\n            await self.queries.notify_entrypoint_rps(\n', 'if not (await self.queries.has_table(table)):\n                raise RuntimeError(\n', 'if not (await self.queries.has_table(self.queries.qbe.settings.queue_table_log)):\n            raise RuntimeError(\n', 'if not (await self.queries.table_has_column(table, column)):\n                raise RuntimeError(\n', 'if not (await self.queries.has_user_defined_enum(key, enum)):\n                raise RuntimeError(\n', 'if mode is types.QueueExecutionMode.drain:\n                    self.shutdown.set()\n', 'if event_task and not event_task.done():\n            event_task.cancel()\n', 'if not shutdown_task.done():\n            shutdown_task.cancel()\n', 'if not ctx.cancellation.cancel_called:\n                    await executor.execute(job, ctx)\n', 'for job in jobs:', 'for job in self.fetch_jobs(batch_size):', 'timespan = helpers.utc_now() - min(t for _, t in samples) + epsilon', 'channel: models.Channel = dataclasses.field(', 'default=models.Channel(qb.DBSettings().channel),', 'shutdown: asyncio.Event = dataclasses.field(', 'init=False,', 'default_factory=asyncio.Event,', 'queries: queries.Queries = dataclasses.field(init=False)', 'entrypoint_registry: dict[str, executors.AbstractEntrypointExecutor] = dataclasses.field(', 'init=False,', 'default_factory=dict,', 'entrypoint_statistics: dict[str, models.EntrypointStatistics] = dataclasses.field(', 'init=False,', 'default_factory=dict,', 'queue_manager_id: uuid.UUID = dataclasses.field(', 'init=False,', 'default_factory=uuid.uuid4,', 'job_context: dict[models.JobId, models.Context] = dataclasses.field(', 'init=False,', 'default_factory=dict,', 'stacklevel=2,', 'self.queries = queries.Queries(self.connection)', 'self.entrypoint_registry[name] = executor', 'self.entrypoint_statistics[name] = models.EntrypointStatistics(', 'samples=deque(maxlen=1_000),', 'concurrency_limiter=asyncio.Semaphore(executor.parameters.concurrency_limit)', 'requests_per_second: float = float(""inf""),', 'concurrency_limit: int = 0,', 'retry_timer: timedelta = timedelta(seconds=0),', 'serialized_dispatch: bool = False,', 'executor: type[executors.AbstractEntrypointExecutor] | None = None,', 'None = None,', 'stacklevel=3,', 'executor_factory = executor_factory or executors.EntrypointExecutor', 'connection=self.connection,', 'channel=self.channel,', 'shutdown=self.shutdown,', 'queries=self.queries,', 'func=func,', 'requests_per_second=requests_per_second,', 'retry_timer=retry_timer,', 'serialized_dispatch=serialized_dispatch,', 'concurrency_limit=concurrency_limit,', 'epsilon: timedelta = timedelta(milliseconds=0.01),', 'samples = self.entrypoint_statistics[entrypoint].samples', 'timespan = helpers.utc_now() - min(t for _, t in samples) + epsilon', 'requests = sum(c for c, _ in samples)', 'below_concurrency_limit = not (', 'c_limiter := self.entrypoint_statistics[entrypoint].concurrency_limiter,', 'retry_after=self.entrypoint_registry[x].parameters.retry_timer,', 'serialized=self.entrypoint_registry[x].parameters.serialized_dispatch,', 'concurrency_limit=self.entrypoint_registry[x].parameters.concurrency_limit,', 'jobs := await self.queries.dequeue(', 'batch_size=batch_size,', 'entrypoints=entrypoints,', 'queue_manager_id=self.queue_manager_id,', 'dequeue_timeout: timedelta = timedelta(seconds=30),', 'batch_size: int = 10,', 'mode: types.QueueExecutionMode = types.QueueExecutionMode.continuous,', 'job_status_log_buffer_timeout = timedelta(seconds=0.01)', 'heartbeat_buffer_timeout = helpers.retry_timer_buffer_timeout(', 'max_size=batch_size,', 'timeout=job_status_log_buffer_timeout,', 'callback=self.queries.log_jobs,', 'max_size=sys.maxsize,', 'timeout=heartbeat_buffer_timeout / 2,', 'callback=self.queries.update_heartbeat,', 'max_size=batch_size,', 'timeout=timedelta(seconds=0.01),', 'callback=self.update_rps_stats,', 'notice_event_listener = listeners.PGNoticeEventListener()', 'notice_event_queue=notice_event_listener,', 'statistics=self.entrypoint_statistics,', 'canceled=self.job_context,', 'shutdown_task = asyncio.create_task(self.shutdown.wait())', 'event_task: None | asyncio.Task[None | models.TableChangedEvent] = None', 'self.job_context[job.id] = models.Context(cancellation=anyio.CancelScope())', 'event_task = helpers.wait_for_notice_event(', 'return_when=asyncio.FIRST_COMPLETED,', 'executor = self.entrypoint_registry[job.entrypoint]', 'ctx = self.get_context(job.id)', 'canceled = ctx.cancellation.cancel_called', 'requests_per_second: float = float', 'concurrency_limit: int = 0', 'retry_timer: timedelta = timedelta', 'serialized_dispatch: bool = False', 'epsilon: timedelta = timedelta', 'dequeue_timeout: timedelta = timedelta', 'batch_size: int = 10', 'rate-per', 'user-defined', 'job-id', ' not None', ' not isinstance', ' not isinstance', ' not isinstance', ' not samples', ' not self', ' not self', ' not event_task', ' not shutdown_task', ' not ctx', 'type / value', 'type / value', 'requests / timespan', 'heartbeat_buffer_timeout / 2', 'entrypoint/id', 'entrypoint/job', 'entrypoint/id', 'float | int', 'None | asyncio', 'None | models']","['decaratorfunc', 'decaratorclass', 'whileelse', 'whilesimple', 'whilesimple', 'whilesimple', 'raise', 'raise', 'raise', 'raise', 'raise', 'raise', 'raise', 'forwithtuple', 'importfunc', 'importfunc', 'importfunc', 'importfunc', 'importfunc', 'importfunc', 'importfunc', 'importfunc', 'importfunc', 'importfunc', 'importfunc', 'importfunc', 'importfromsimple', 'importfromsimple', 'importfromsimple', 'importfromsimple', 'importfromsimple', 'simpleattr', 'simpleattr', 'simpleattr', 'simpleattr', 'simplefunc', 'simplefunc', 'simplefunc', 'simplefunc', 'return', 'return', 'return', 'return', 'return', 'return', 'return', 'return', 'simpleif', 'simpleif', 'simpleif', 'simpleif', 'simpleif', 'simpleif', 'simpleif', 'simpleif', 'simpleif', 'simpleif', 'simpleif', 'simpleif', 'simpleif', 'simpleif', 'simpleif', 'simpleif', 'simpleif', 'simpleif', 'forsimple', 'forsimple', 'assignwithSum', 'simpleAssign', 'simpleAssign', 'simpleAssign', 'simpleAssign', 'simpleAssign', 'simpleAssign', 'simpleAssign', 'simpleAssign', 'simpleAssign', 'simpleAssign', 'simpleAssign', 'simpleAssign', 'simpleAssign', 'simpleAssign', 'simpleAssign', 'simpleAssign', 'simpleAssign', 'simpleAssign', 'simpleAssign', 'simpleAssign', 'simpleAssign', 'simpleAssign', 'simpleAssign', 'simpleAssign', 'simpleAssign', 'simpleAssign', 'simpleAssign', 'simpleAssign', 'simpleAssign', 'simpleAssign', 'simpleAssign', 'simpleAssign', 'simpleAssign', 'simpleAssign', 'simpleAssign', 'simpleAssign', 'simpleAssign', 'simpleAssign', 'simpleAssign', 'simpleAssign', 'simpleAssign', 'simpleAssign', 'simpleAssign', 'simpleAssign', 'simpleAssign', 'simpleAssign', 'simpleAssign', 'simpleAssign', 'simpleAssign', 'simpleAssign', 'simpleAssign', 'simpleAssign', 'simpleAssign', 'simpleAssign', 'simpleAssign', 'simpleAssign', 'simpleAssign', 'simpleAssign', 'simpleAssign', 'simpleAssign', 'simpleAssign', 'simpleAssign', 'simpleAssign', 'simpleAssign', 'simpleAssign', 'simpleAssign', 'simpleAssign', 'simpleAssign', 'simpleAssign', 'simpleAssign', 'simpleAssign', 'simpleAssign', 'simpleAssign', 'simpleAssign', 'simpleAssign', 'simpleAssign', 'simpleAssign', 'simpleAssign', 'simpleAssign', 'simpleAssign', 'annAssign', 'annAssign', 'annAssign', 'annAssign', 'annAssign', 'annAssign', 'annAssign', 'biSub', 'biSub', 'biSub', 'unaryNot', 'unaryNot', 'unaryNot', 'unaryNot', 'unaryNot', 'unaryNot', 'unaryNot', 'unaryNot', 'unaryNot', 'unaryNot', 'bidivide', 'bidivide', 'bidivide', 'bidivide', 'bidivide', 'bidivide', 'bidivide', 'bitOr', 'bitOr', 'bitOr']",137,22,5,11,2,1
janbjorge__pgqueuer__pr2259303873__20251223_042201__da022f595e3209832b2f1c2c3c1892959a4c02c4__supervisor_after,"['while not shutdown.is_set():\n        try:\n            manager = await factory()\n            logconfig.logger.info(""Instance created: %s"", type(manager).__name__)\n\n            if isinstance(manager, qm.QueueManager | sm.SchedulerManager):\n                manager.shutdown = shutdown\n            elif isinstance(manager, applications.PgQueuer):\n                manager.shutdown = shutdown\n                manager.qm.shutdown = shutdown\n                manager.sm.shutdown = shutdown\n            else:\n                raise NotImplementedError(\n                    f""Unsupported instance type: {type(manager).__name__}. This instance is ""\n                    ""not recognized as a valid QueueManager, SchedulerManager, or PgQueuer.""\n                )\n\n        except Exception as exc:\n            if not restart_on_failure:\n                raise\n            logconfig.logger.exception(\n                ""Error creating or configuring instance."",\n                exc_info=exc,\n            )\n            await await_shutdown_or_timeout(shutdown, restart_delay)\n            continue', 'while not shutdown.is_set():', 'try:\n            await run_manager(manager, dequeue_timeout, batch_size)\n        except Exception as exc:', 'raise ValueError(f""\'restart_delay\' must be >= {t0}. Got {restart_delay!r}"")', 'raise NotImplementedError(f""Unsupported instance type: {type(mananger)}"")', 'import annotations\n', 'import asyncio\n', 'import signal\n', 'import timedelta\n', 'import load_factory\n', 'from __future__ import annotations\n\nimport asyncio\n', 'from datetime import timedelta\n', 'from pgqueuer.factories import load_factory\n', 'return load_factory(factory_path)\n', 'if restart_delay < t0:\n        raise ValueError(f""\'restart_delay\' must be >= {t0}. Got {restart_delay!r}"")\n', 'if isinstance(manager, qm.QueueManager | sm.SchedulerManager):\n                manager.shutdown = shutdown\n', 'if isinstance(manager, applications.PgQueuer):\n                manager.shutdown = shutdown\n', 'if not restart_on_failure:\n                raise\n', 'if not restart_on_failure:\n                raise\n', 'if not shutdown.is_set():\n            await await_shutdown_or_timeout(shutdown, restart_delay)\n', 'if isinstance(mananger, qm.QueueManager):\n        await mananger.run(dequeue_timeout=dequeue_timeout, batch_size=batch_size)\n', 'if isinstance(mananger, sm.SchedulerManager):\n        await mananger.run()\n', 'if isinstance(mananger, applications.PgQueuer):\n        await mananger.run(dequeue_timeout=dequeue_timeout, batch_size=batch_size)\n', 'if not shutdown.is_set():\n        logconfig.logger.info(""Attempting to restart..."")\n', 'for not_done in pending:', 'Manager: TypeAlias = qm.QueueManager | sm.SchedulerManager | applications.QueueManager', 'ManagerFactory: TypeAlias = Callable[[], Awaitable[Manager]]', 't0 = timedelta(seconds=0)', 'manager = await factory()', 'manager.shutdown = shutdown', 'manager.shutdown = shutdown', 'manager.qm.shutdown = shutdown', 'manager.sm.shutdown = shutdown', 'exc_info=exc,', 'exc_info=exc,', 'loop = asyncio.get_event_loop()', 'await mananger.run(dequeue_timeout=dequeue_timeout, batch_size=batch_size)', 'await mananger.run(dequeue_timeout=dequeue_timeout, batch_size=batch_size)', '_, pending = await asyncio.wait(', 'return_when=asyncio.FIRST_COMPLETED,', 'raise ValueError(f""\'restart_delay\' must be >= {t0}. Got {restart_delay!r}', 'Manager: TypeAlias = qm', 'ManagerFactory: TypeAlias = Callable', 'try:\n            manager = await', 'factory-style', 'factory-style', ' not shutdown', ' not restart_on_failure', ' not restart_on_failure', ' not shutdown', ' not shutdown', 'Signal %d', 'Waiting %r', 'QueueManager | sm', 'SchedulerManager | applications', 'QueueManager | sm']","['whilecontinue', 'whilesimple', 'tryexcept', 'raise', 'raise', 'importfunc', 'importfunc', 'importfunc', 'importfunc', 'importfunc', 'importfromsimple', 'importfromsimple', 'importfromsimple', 'return', 'simpleif', 'simpleif', 'simpleif', 'simpleif', 'simpleif', 'simpleif', 'simpleif', 'simpleif', 'simpleif', 'simpleif', 'forsimple', 'simpleAssign', 'simpleAssign', 'simpleAssign', 'simpleAssign', 'simpleAssign', 'simpleAssign', 'simpleAssign', 'simpleAssign', 'simpleAssign', 'simpleAssign', 'simpleAssign', 'simpleAssign', 'simpleAssign', 'simpleAssign', 'simpleAssign', 'simpleSet', 'annAssign', 'annAssign', 'annAssign', 'biSub', 'biSub', 'unaryNot', 'unaryNot', 'unaryNot', 'unaryNot', 'unaryNot', 'modulo', 'modulo', 'bitOr', 'bitOr', 'bitOr']",41,7,6,2,0,0
janbjorge__pgqueuer__pr2475411025__20251223_042131__da25653fe65c900b88a2fec3a01a578a0faed373__listeners_before,"['while parsing notification payload:', 'while handling parsed event:', 'try:\n            parsed = models.AnyEvent.model_validate_json(payload)\n        except Exception as e:\n            logconfig.logger.critical(\n                ""Error while parsing notification payload: %s"",\n                payload,\n                exc_info=e,\n            )\n            return\n\n        try:\n            ', 'try:\n            parsed = models.AnyEvent.model_validate_json(payload)\n        except Exception as e:', 'try:\n            event_handler(parsed)\n        except Exception as e:', 'raise NotImplementedError(event)', 'import annotations\n', 'import asyncio\n', 'from __future__ import annotations\n\nimport asyncio\n', 'return\n\n        try:\n', 'return\n\n    await connection.add_listener(channel, process_notification_payload)\n', 'if event.root.type == ""table_changed_event"":\n        notice_event_queue.put_nowait(event.root)\n', 'if event.root.type == ""requests_per_second_event"":\n        for entrypoint, count in event.root.entrypoint_count.items():\n', 'if event.root.type == ""cancellation_event"":\n        for jid in event.root.ids:\n', 'if ctx := canceled.get(jid):\n                ctx.cancellation.cancel()\n', 'for entrypoint, count in event.root.entrypoint_count.items():', 'for jid in event.root.ids:', 'if ctx := canceled.get(jid):', 'parsed = models.AnyEvent.model_validate_json(payload)', 'exc_info=e,', 'exc_info=e,', 'try:\n            parsed = models', 'str | bytes', 'str | bytes']","['whilesimple', 'whilesimple', 'trytry', 'tryexcept', 'tryexcept', 'raise', 'importfunc', 'importfunc', 'importfromsimple', 'return', 'return', 'simpleif', 'simpleif', 'simpleif', 'simpleif', 'forsimple', 'forsimple', 'simpleAssign', 'simpleAssign', 'simpleAssign', 'simpleAssign', 'annAssign', 'bitOr', 'bitOr']",13,6,3,2,0,0
janbjorge__pgqueuer__pr2327904675__20251223_042148__141593e576e2e3bbb6616c0a6fb66c5c39065fe5__supervisor_after,"['while not shutdown.is_set():', 'try:\n            async with factories.run_factory(factory()) as manager:\n                setup_shutdown_handlers(manager, shutdown)\n                await run_manager(manager, dequeue_timeout, batch_size, burst_mode)\n        except Exception as exc:', 'raise ValueError(f""\'restart_delay\' must be >= 0. Got {restart_delay!r}"")', 'raise NotImplementedError(f""Unsupported instance type: {type(mananger)}"")', 'import annotations\n', 'import asyncio\n', 'import signal\n', 'import timedelta\n', 'from __future__ import annotations\n\nimport asyncio\n', 'from datetime import timedelta\n', 'return manager\n', 'if isinstance(manager, qm.QueueManager | sm.SchedulerManager):\n        manager.shutdown = shutdown\n', 'if isinstance(manager, applications.PgQueuer):\n        manager.shutdown = shutdown\n', 'if restart_delay < timedelta(0):\n        raise ValueError(f""\'restart_delay\' must be >= 0. Got {restart_delay!r}"")\n', 'if not restart_on_failure:\n                raise\n', 'if not shutdown.is_set():\n            await await_shutdown_or_timeout(shutdown, restart_delay)\n', 'if isinstance(mananger, qm.QueueManager):\n        await mananger.run(\n', 'if isinstance(mananger, sm.SchedulerManager):\n        await mananger.run()\n', 'if isinstance(mananger, applications.PgQueuer):\n        await mananger.run(\n', 'if not shutdown.is_set():\n        logconfig.logger.info(""Attempting to restart..."")\n', 'for not_done in pending:', 'Manager: TypeAlias = qm.QueueManager | sm.SchedulerManager | applications.PgQueuer', 'ManagerFactory: TypeAlias = Callable[', 'manager.shutdown = shutdown', 'manager.shutdown = shutdown', 'manager.qm.shutdown = shutdown', 'manager.sm.shutdown = shutdown', 'loop = asyncio.get_event_loop()', 'raise ValueError(f""\'restart_delay\' must be >= 0. Got {restart_delay!r}"")', 'exc_info=exc,', 'dequeue_timeout=dequeue_timeout,', 'batch_size=batch_size,', 'burst_mode=burst_mode,', 'dequeue_timeout=dequeue_timeout,', 'batch_size=batch_size,', 'burst_mode=burst_mode,', '_, pending = await asyncio.wait(', 'return_when=asyncio.FIRST_COMPLETED,', 'Manager: TypeAlias = qm', 'ManagerFactory: TypeAlias = Callable', ' not shutdown', ' not restart_on_failure', ' not shutdown', ' not shutdown', 'Signal %d', 'Waiting %r', 'QueueManager | sm', 'SchedulerManager | applications', 'QueueManager | sm', 'SchedulerManager | applications', 'QueueManager | sm']","['whilesimple', 'tryexcept', 'raise', 'raise', 'importfunc', 'importfunc', 'importfunc', 'importfunc', 'importfromsimple', 'importfromsimple', 'return', 'simpleif', 'simpleif', 'simpleif', 'simpleif', 'simpleif', 'simpleif', 'simpleif', 'simpleif', 'simpleif', 'forsimple', 'simpleAssign', 'simpleAssign', 'simpleAssign', 'simpleAssign', 'simpleAssign', 'simpleAssign', 'simpleAssign', 'simpleAssign', 'simpleAssign', 'simpleAssign', 'simpleAssign', 'simpleAssign', 'simpleAssign', 'simpleAssign', 'simpleAssign', 'simpleAssign', 'simpleAssign', 'annAssign', 'annAssign', 'unaryNot', 'unaryNot', 'unaryNot', 'unaryNot', 'modulo', 'modulo', 'bitOr', 'bitOr', 'bitOr', 'bitOr', 'bitOr']",40,6,3,2,0,0
janbjorge__pgqueuer__pr2475411025__20251223_042133__da25653fe65c900b88a2fec3a01a578a0faed373__qm_after,"['@property\n    def', '@dataclasses.dataclass\nclass', 'while not self.shutdown.is_set():\n            entrypoints = {\n                x: queries.EntrypointExecutionParameter(\n                    retry_after=self.entrypoint_registry[x].parameters.retry_timer,\n                    serialized=self.entrypoint_registry[x].parameters.serialized_dispatch,\n                    concurrency_limit=self.entrypoint_registry[x].parameters.concurrency_limit,\n                )\n                for x in self.entrypoints_below_capacity_limits()\n            }\n\n            if not (\n                jobs := await self.queries.dequeue(\n                    batch_size=batch_size,\n                    entrypoints=entrypoints,\n                    queue_manager_id=self.queue_manager_id,\n                    global_concurrency_limit=global_concurrency_limit,\n                )\n            ):\n                break\n\n            for job in jobs:\n                yield job\n\n    async def update_rps_stats(self, events: list[str]) -> None:\n        """"""Update rate-per-second statistics for the given entrypoints.""""""\n        if events:\n            await self.queries.notify_entrypoint_rps(\n                {\n                    k: v\n                    for k, v in Counter(events).items()\n                    if isfinite(self.entrypoint_registry[k].parameters.requests_per_second)\n                }\n            )\n\n    async def verify_structure(self) -> None:\n        """"""\n        Verify the required database structure.\n\n        Checks necessary columns and user-defined types. Raises RuntimeError if missing.\n        """"""\n\n        for table in (\n            self.queries.qbe.settings.queue_table,\n            self.queries.qbe.settings.statistics_table,\n        ):\n            if not (await self.queries.has_table(table)):\n                raise RuntimeError(\n                    f""The required table \'{table}\' is missing. ""\n                    f""Please run \'pgq install\' to set up the necessary tables.""\n                )\n\n        if not (await self.queries.has_table(self.queries.qbe.settings.queue_table_log)):\n            raise RuntimeError(\n                f""The {self.queries.qbe.settings.queue_table_log} table is missing ""\n                ""please run \'pgq upgrade\'""\n            )\n\n        for table, column in (\n            (self.queries.qbe.settings.queue_table, ""updated""),\n            (self.queries.qbe.settings.queue_table, ""heartbeat""),\n            (self.queries.qbe.settings.queue_table, ""queue_manager_id""),\n            (self.queries.qbe.settings.queue_table, ""execute_after""),\n            (self.queries.qbe.settings.queue_table_log, ""traceback""),\n        ):\n            if not (await self.queries.table_has_column(table, column)):\n                raise RuntimeError(\n                    f""The required column \'{column}\' is missing in the \'{table}\' table. ""\n                    f""Please run \'pgq upgrade\' to ensure all schema changes are applied.""\n                )\n\n        for key, enum in ((""canceled"", self.queries.qbe.settings.queue_status_type),):\n            if not (await self.queries.has_user_defined_enum(key, enum)):\n                raise RuntimeError(\n                    f""The {enum} is missing the \'{key}\' type, please run \'pgq upgrade\'""\n                )\n\n    async def run(\n        self,\n        dequeue_timeout: timedelta = timedelta(seconds=30),\n        batch_size: int = 10,\n        mode: types.QueueExecutionMode = types.QueueExecutionMode.continuous,\n        max_concurrent_tasks: int | None = None,\n    ) -> None:\n        """"""\n        Run the main loop to process jobs from the queue.\n\n        Continuously listens for events and dispatches jobs, managing connections\n        and tasks, logging timeouts, and resetting connections upon termination.\n\n        Args:\n            dequeue_timeout (timedelta): Timeout duration for waiting to dequeue jobs.\n            batch_size (int): Number of jobs to retrieve in each batch.\n            mode (QueueExecutionMode): Whether to run in `continuous` or `drain` until\n                queue is empty then shutdown.\n\n        Raises:\n            RuntimeError: If required database columns or types are missing.\n        """"""\n\n        await self.verify_structure()\n\n        job_status_log_buffer_timeout = timedelta(seconds=0.01)\n        heartbeat_buffer_timeout = helpers.retry_timer_buffer_timeout(\n            [x.parameters.retry_timer for x in self.entrypoint_registry.values()]\n        )\n\n        max_concurrent_tasks = max_concurrent_tasks or sys.maxsize\n\n        if max_concurrent_tasks < 2 * batch_size:\n            raise RuntimeError(""max_concurrent_tasks must be at least twice the batch size."")\n\n        async with (\n            buffers.JobStatusLogBuffer(\n                max_size=batch_size,\n                timeout=job_status_log_buffer_timeout,\n                callback=self.queries.log_jobs,\n            ) as jbuff,\n            buffers.HeartbeatBuffer(\n                # Flush will be mainly driven by timeouts, but allow flush if\n                # backlog becomes too large.\n                max_size=batch_size**2,\n                timeout=heartbeat_buffer_timeout,\n                callback=self.queries.update_heartbeat,\n            ) as hbuff,\n            buffers.RequestsPerSecondBuffer(\n                max_size=batch_size,\n                timeout=timedelta(seconds=0.01),\n                callback=self.update_rps_stats,\n            ) as rpsbuff,\n            tm.TaskManager() as task_manager,\n            self.connection,\n        ):\n            notice_event_listener = listeners.PGNoticeEventListener()\n            await listeners.initialize_notice_event_listener(\n                self.connection,\n                self.channel,\n                listeners.default_event_router(\n                    notice_event_queue=notice_event_listener,\n                    statistics=self.entrypoint_statistics,\n                    canceled=self.job_context,\n                ),\n            )\n\n            shutdown_task = asyncio.create_task(self.shutdown.wait())\n            event_task: None | asyncio.Task[None | models.TableChangedEvent] = None\n            cached_queued_work = cache.TTLCache.create(\n                ttl=timedelta(seconds=0.250),\n                on_expired=lambda: self.queries.queued_work(list(self.entrypoint_registry.keys())),\n            )\n\n            while not self.shutdown.is_set():\n                async for job in self.fetch_jobs(batch_size, max_concurrent_tasks):\n                    await rpsbuff.add(job.entrypoint)\n                    self.job_context[job.id] = models.Context(cancellation=anyio.CancelScope())\n                    task_manager.add(asyncio.create_task(self._dispatch(job, jbuff, hbuff)))\n\n                    with contextlib.suppress(asyncio.QueueEmpty):\n                        notice_event_listener.get_nowait()\n\n                    if self.shutdown.is_set():\n                        break', 'while not self.shutdown.is_set():', 'while not self.shutdown.is_set():', 'while processing entrypoint/job-id:', 'raise RuntimeError(f""{name} already in registry, name must be unique."")', 'raise RuntimeError(f""{name} already in registry, name must be unique."")', 'raise ValueError(""Rate must be float | int."")', 'raise ValueError(""Rate must be greater or eq. to zero."")', 'raise ValueError(""Concurrency limit must be int."")', 'raise ValueError(""Concurrency limit must be greater or eq. to zero."")', 'raise ValueError(""Serialized dispatch must be boolean"")', 'raise RuntimeError(""max_concurrent_tasks must be at least twice the batch size."")', 'for key, enum in ((""canceled"", self.queries.qbe.settings.queue_status_type),):', 'import annotations\n', 'import asyncio\n', 'import contextlib\n', 'import dataclasses\n', 'import sys\n', 'import uuid\n', 'import warnings\n', 'import nullcontext\n', 'import timedelta\n', 'import isfinite\n', 'import anyio\n', 'from __future__ import annotations\n\nimport asyncio\n', 'from contextlib import nullcontext\n', 'from datetime import timedelta\n', 'from math import isfinite\n', 'from typing import AsyncGenerator, Callable\n\nimport anyio\n', 'self.queries = queries.Queries(self.connection)', 'self.entrypoint_registry[name] = executor', 'self.entrypoint_statistics[name] = models.EntrypointStatistics(', 'self.job_context[job.id] = models.Context(cancellation=anyio.CancelScope())', 'def alive(self) -> asyncio.Event:\n', 'def __post_init__(self) -> None:\n', 'def entrypoints_below_capacity_limits(self) -> set[str]:\n', 'def verify_structure(self) -> None:\n', 'return self.shutdown\n', 'return self.job_context[job_id]\n', 'return func\n', 'return register\n', 'return 0.0\n', 'return requests / timespan.total_seconds()\n', 'return below_rps_limit and below_concurrency_limit\n', 'return {\n', 'if name in self.entrypoint_registry:\n            raise RuntimeError(f""{name} already in registry, name must be unique."")\n', 'if executor is not None:\n            warnings.warn(\n', 'if name in self.entrypoint_registry:\n            raise RuntimeError(f""{name} already in registry, name must be unique."")\n', 'if not isinstance(requests_per_second, (float, int)):\n            raise ValueError(""Rate must be float | int."")\n', 'if requests_per_second < 0:\n            raise ValueError(""Rate must be greater or eq. to zero."")\n', 'if not isinstance(concurrency_limit, int):\n            raise ValueError(""Concurrency limit must be int."")\n', 'if concurrency_limit < 0:\n            raise ValueError(""Concurrency limit must be greater or eq. to zero."")\n', 'if not isinstance(serialized_dispatch, bool):\n            raise ValueError(""Serialized dispatch must be boolean"")\n', 'if not samples:\n            return 0.0\n', 'if events:\n            await self.queries.notify_entrypoint_rps(\n', 'if not (await self.queries.has_table(table)):\n                raise RuntimeError(\n', 'if not (await self.queries.has_table(self.queries.qbe.settings.queue_table_log)):\n            raise RuntimeError(\n', 'if not (await self.queries.table_has_column(table, column)):\n                raise RuntimeError(\n', 'if not (await self.queries.has_user_defined_enum(key, enum)):\n                raise RuntimeError(\n', 'if max_concurrent_tasks < 2 * batch_size:\n            raise RuntimeError(""max_concurrent_tasks must be at least twice the batch size."")\n', 'if self.shutdown.is_set():\n                        break\n', 'if mode is types.QueueExecutionMode.drain and (await cached_queued_work()) == 0:\n                    self.shutdown.set()\n', 'if event_task and not event_task.done():\n            event_task.cancel()\n', 'if not shutdown_task.done():\n            shutdown_task.cancel()\n', 'if not ctx.cancellation.cancel_called:\n                    await executor.execute(job, ctx)\n', 'for job in jobs:', 'for job in self.fetch_jobs(batch_size, max_concurrent_tasks):', 'timespan = helpers.utc_now() - min(t for _, t in samples) + epsilon', 'channel: models.Channel = dataclasses.field(', 'default=models.Channel(qb.DBSettings().channel),', 'shutdown: asyncio.Event = dataclasses.field(', 'init=False,', 'default_factory=asyncio.Event,', 'queries: queries.Queries = dataclasses.field(init=False)', 'entrypoint_registry: dict[str, executors.AbstractEntrypointExecutor] = dataclasses.field(', 'init=False,', 'default_factory=dict,', 'entrypoint_statistics: dict[str, models.EntrypointStatistics] = dataclasses.field(', 'init=False,', 'default_factory=dict,', 'queue_manager_id: uuid.UUID = dataclasses.field(', 'init=False,', 'default_factory=uuid.uuid4,', 'job_context: dict[models.JobId, models.Context] = dataclasses.field(', 'init=False,', 'default_factory=dict,', 'stacklevel=2,', 'self.queries = queries.Queries(self.connection)', 'self.entrypoint_registry[name] = executor', 'self.entrypoint_statistics[name] = models.EntrypointStatistics(', 'samples=deque(maxlen=1_000),', 'concurrency_limiter=asyncio.Semaphore(executor.parameters.concurrency_limit)', 'requests_per_second: float = float(""inf""),', 'concurrency_limit: int = 0,', 'retry_timer: timedelta = timedelta(seconds=0),', 'serialized_dispatch: bool = False,', 'executor: type[executors.AbstractEntrypointExecutor] | None = None,', 'None = None,', 'stacklevel=3,', 'executor_factory = executor_factory or executors.EntrypointExecutor', 'connection=self.connection,', 'channel=self.channel,', 'shutdown=self.shutdown,', 'queries=self.queries,', 'func=func,', 'requests_per_second=requests_per_second,', 'retry_timer=retry_timer,', 'serialized_dispatch=serialized_dispatch,', 'concurrency_limit=concurrency_limit,', 'epsilon: timedelta = timedelta(milliseconds=0.01),', 'samples = self.entrypoint_statistics[entrypoint].samples', 'timespan = helpers.utc_now() - min(t for _, t in samples) + epsilon', 'requests = sum(c for c, _ in samples)', 'below_concurrency_limit = not (', 'c_limiter := self.entrypoint_statistics[entrypoint].concurrency_limiter,', 'retry_after=self.entrypoint_registry[x].parameters.retry_timer,', 'serialized=self.entrypoint_registry[x].parameters.serialized_dispatch,', 'concurrency_limit=self.entrypoint_registry[x].parameters.concurrency_limit,', 'jobs := await self.queries.dequeue(', 'batch_size=batch_size,', 'entrypoints=entrypoints,', 'queue_manager_id=self.queue_manager_id,', 'global_concurrency_limit=global_concurrency_limit,', 'dequeue_timeout: timedelta = timedelta(seconds=30),', 'batch_size: int = 10,', 'mode: types.QueueExecutionMode = types.QueueExecutionMode.continuous,', 'max_concurrent_tasks: int | None = None,', 'job_status_log_buffer_timeout = timedelta(seconds=0.01)', 'heartbeat_buffer_timeout = helpers.retry_timer_buffer_timeout(', 'max_concurrent_tasks = max_concurrent_tasks or sys.maxsize', 'max_size=batch_size,', 'timeout=job_status_log_buffer_timeout,', 'callback=self.queries.log_jobs,', 'max_size=batch_size**2,', 'timeout=heartbeat_buffer_timeout,', 'callback=self.queries.update_heartbeat,', 'max_size=batch_size,', 'timeout=timedelta(seconds=0.01),', 'callback=self.update_rps_stats,', 'notice_event_listener = listeners.PGNoticeEventListener()', 'notice_event_queue=notice_event_listener,', 'statistics=self.entrypoint_statistics,', 'canceled=self.job_context,', 'shutdown_task = asyncio.create_task(self.shutdown.wait())', 'event_task: None | asyncio.Task[None | models.TableChangedEvent] = None', 'cached_queued_work = cache.TTLCache.create(', 'ttl=timedelta(seconds=0.250),', 'on_expired=lambda: self.queries.queued_work(list(self.entrypoint_registry.keys())),', 'self.job_context[job.id] = models.Context(cancellation=anyio.CancelScope())', 'if mode is types.QueueExecutionMode.drain and (await cached_queued_work()) == 0:', 'event_task = helpers.wait_for_notice_event(', 'return_when=asyncio.FIRST_COMPLETED,', 'executor = self.entrypoint_registry[job.entrypoint]', 'ctx = self.get_context(job.id)', 'tbr = models.TracebackRecord.from_exception(', 'exc=e,', 'job_id=job.id,', 'canceled = ctx.cancellation.cancel_called', 'requests_per_second: float = float', 'concurrency_limit: int = 0', 'retry_timer: timedelta = timedelta', 'serialized_dispatch: bool = False', 'epsilon: timedelta = timedelta', 'dequeue_timeout: timedelta = timedelta', 'batch_size: int = 10', 'rate-per', 'user-defined', 'job-id', ' not None', ' not isinstance', ' not isinstance', ' not isinstance', ' not samples', ' not self', ' not self', ' not yield', ' not event_task', ' not shutdown_task', ' not ctx', 'type / value', 'type / value', 'requests / timespan', 'entrypoint/id', 'retry_timer / 2', 'entrypoint/job', 'entrypoint/id', 'batch_size**2', 'float | int', 'int | None', 'int | None', 'None | asyncio', 'None | models']","['decaratorfunc', 'decaratorclass', 'whilebreak', 'whilesimple', 'whilesimple', 'whilesimple', 'raise', 'raise', 'raise', 'raise', 'raise', 'raise', 'raise', 'raise', 'forwithtuple', 'importfunc', 'importfunc', 'importfunc', 'importfunc', 'importfunc', 'importfunc', 'importfunc', 'importfunc', 'importfunc', 'importfunc', 'importfunc', 'importfromsimple', 'importfromsimple', 'importfromsimple', 'importfromsimple', 'importfromsimple', 'simpleattr', 'simpleattr', 'simpleattr', 'simpleattr', 'simplefunc', 'simplefunc', 'simplefunc', 'simplefunc', 'return', 'return', 'return', 'return', 'return', 'return', 'return', 'return', 'simpleif', 'simpleif', 'simpleif', 'simpleif', 'simpleif', 'simpleif', 'simpleif', 'simpleif', 'simpleif', 'simpleif', 'simpleif', 'simpleif', 'simpleif', 'simpleif', 'simpleif', 'simpleif', 'simpleif', 'simpleif', 'simpleif', 'simpleif', 'forsimple', 'forsimple', 'assignwithSum', 'simpleAssign', 'simpleAssign', 'simpleAssign', 'simpleAssign', 'simpleAssign', 'simpleAssign', 'simpleAssign', 'simpleAssign', 'simpleAssign', 'simpleAssign', 'simpleAssign', 'simpleAssign', 'simpleAssign', 'simpleAssign', 'simpleAssign', 'simpleAssign', 'simpleAssign', 'simpleAssign', 'simpleAssign', 'simpleAssign', 'simpleAssign', 'simpleAssign', 'simpleAssign', 'simpleAssign', 'simpleAssign', 'simpleAssign', 'simpleAssign', 'simpleAssign', 'simpleAssign', 'simpleAssign', 'simpleAssign', 'simpleAssign', 'simpleAssign', 'simpleAssign', 'simpleAssign', 'simpleAssign', 'simpleAssign', 'simpleAssign', 'simpleAssign', 'simpleAssign', 'simpleAssign', 'simpleAssign', 'simpleAssign', 'simpleAssign', 'simpleAssign', 'simpleAssign', 'simpleAssign', 'simpleAssign', 'simpleAssign', 'simpleAssign', 'simpleAssign', 'simpleAssign', 'simpleAssign', 'simpleAssign', 'simpleAssign', 'simpleAssign', 'simpleAssign', 'simpleAssign', 'simpleAssign', 'simpleAssign', 'simpleAssign', 'simpleAssign', 'simpleAssign', 'simpleAssign', 'simpleAssign', 'simpleAssign', 'simpleAssign', 'simpleAssign', 'simpleAssign', 'simpleAssign', 'simpleAssign', 'simpleAssign', 'simpleAssign', 'simpleAssign', 'simpleAssign', 'simpleAssign', 'simpleAssign', 'simpleAssign', 'simpleAssign', 'simpleAssign', 'simpleAssign', 'simpleAssign', 'simpleAssign', 'simpleAssign', 'simpleAssign', 'simpleAssign', 'simpleAssign', 'simpleAssign', 'simpleAssign', 'simpleAssign', 'annAssign', 'annAssign', 'annAssign', 'annAssign', 'annAssign', 'annAssign', 'annAssign', 'biSub', 'biSub', 'biSub', 'unaryNot', 'unaryNot', 'unaryNot', 'unaryNot', 'unaryNot', 'unaryNot', 'unaryNot', 'unaryNot', 'unaryNot', 'unaryNot', 'unaryNot', 'bidivide', 'bidivide', 'bidivide', 'bidivide', 'bidivide', 'bidivide', 'bidivide', 'power', 'bitOr', 'bitOr', 'bitOr', 'bitOr', 'bitOr']",153,21,5,12,2,1
janbjorge__pgqueuer__pr2327904675__20251223_042148__141593e576e2e3bbb6616c0a6fb66c5c39065fe5__supervisor_before,"['while not shutdown.is_set():', 'try:\n            async with factories.run_factory(factory()) as manager:\n                setup_shutdown_handlers(manager, shutdown)\n                await run_manager(manager, dequeue_timeout, batch_size)\n        except Exception as exc:', 'raise ValueError(f""\'restart_delay\' must be >= 0. Got {restart_delay!r}"")', 'raise NotImplementedError(f""Unsupported instance type: {type(mananger)}"")', 'import annotations\n', 'import asyncio\n', 'import signal\n', 'import timedelta\n', 'from __future__ import annotations\n\nimport asyncio\n', 'from datetime import timedelta\n', 'return manager\n', 'if isinstance(manager, qm.QueueManager | sm.SchedulerManager):\n        manager.shutdown = shutdown\n', 'if isinstance(manager, applications.PgQueuer):\n        manager.shutdown = shutdown\n', 'if restart_delay < timedelta(0):\n        raise ValueError(f""\'restart_delay\' must be >= 0. Got {restart_delay!r}"")\n', 'if not restart_on_failure:\n                raise\n', 'if not shutdown.is_set():\n            await await_shutdown_or_timeout(shutdown, restart_delay)\n', 'if isinstance(mananger, qm.QueueManager):\n        await mananger.run(dequeue_timeout=dequeue_timeout, batch_size=batch_size)\n', 'if isinstance(mananger, sm.SchedulerManager):\n        await mananger.run()\n', 'if isinstance(mananger, applications.PgQueuer):\n        await mananger.run(dequeue_timeout=dequeue_timeout, batch_size=batch_size)\n', 'if not shutdown.is_set():\n        logconfig.logger.info(""Attempting to restart..."")\n', 'for not_done in pending:', 'Manager: TypeAlias = qm.QueueManager | sm.SchedulerManager | applications.PgQueuer', 'ManagerFactory: TypeAlias = Callable[', 'manager.shutdown = shutdown', 'manager.shutdown = shutdown', 'manager.qm.shutdown = shutdown', 'manager.sm.shutdown = shutdown', 'loop = asyncio.get_event_loop()', 'raise ValueError(f""\'restart_delay\' must be >= 0. Got {restart_delay!r}"")', 'exc_info=exc,', 'await mananger.run(dequeue_timeout=dequeue_timeout, batch_size=batch_size)', 'await mananger.run(dequeue_timeout=dequeue_timeout, batch_size=batch_size)', '_, pending = await asyncio.wait(', 'return_when=asyncio.FIRST_COMPLETED,', 'Manager: TypeAlias = qm', 'ManagerFactory: TypeAlias = Callable', ' not shutdown', ' not restart_on_failure', ' not shutdown', ' not shutdown', 'Signal %d', 'Waiting %r', 'QueueManager | sm', 'SchedulerManager | applications', 'QueueManager | sm', 'SchedulerManager | applications', 'QueueManager | sm']","['whilesimple', 'tryexcept', 'raise', 'raise', 'importfunc', 'importfunc', 'importfunc', 'importfunc', 'importfromsimple', 'importfromsimple', 'return', 'simpleif', 'simpleif', 'simpleif', 'simpleif', 'simpleif', 'simpleif', 'simpleif', 'simpleif', 'simpleif', 'forsimple', 'simpleAssign', 'simpleAssign', 'simpleAssign', 'simpleAssign', 'simpleAssign', 'simpleAssign', 'simpleAssign', 'simpleAssign', 'simpleAssign', 'simpleAssign', 'simpleAssign', 'simpleAssign', 'simpleAssign', 'annAssign', 'annAssign', 'unaryNot', 'unaryNot', 'unaryNot', 'unaryNot', 'modulo', 'modulo', 'bitOr', 'bitOr', 'bitOr', 'bitOr', 'bitOr']",36,6,3,2,0,0
janbjorge__pgqueuer__pr2508896643__20251223_042140__640f9992554bafcc2cb61b104fbf0711787a33ca__fastapi_usage_before,"['@asynccontextmanager\n    async def', '@app.get(""/reset_password_email"")\n    async def', '@app.post(""/enqueue"")\n    async def', '@app.get(""/queue-size"")\n    async def', 'if __name__ == ""__main__"":', 'try:\n            yield\n        finally:', '    ) -> Response:\n        """"""Enqueue a job to reset a user\'s pass', 'import json\n', 'import asynccontextmanager\n', 'import AsyncGenerator\n', 'import asyncpg\n', 'import AsyncpgDriver\n', 'import Queries\n', 'import uvicorn\n', 'from contextlib import asynccontextmanager\n', 'from typing import AsyncGenerator\n\nimport asyncpg\n', 'from pgqueuer.db import AsyncpgDriver\n', 'from pgqueuer.queries import Queries\n', 'def create_app() -> FastAPI:\n', 'return request.app.extra[""pgq_queries""]\n', 'return Response(status_code=201)\n', 'return {""job_ids"": ids}\n', 'return [\n', 'return app\n', 'if __name__ == ""__main__"":\n    import uvicorn\n', 'connection = await asyncpg.connect()', 'app.extra[""pgq_queries""] = Queries(AsyncpgDriver(connection))', 'app = FastAPI(lifespan=lifespan)', 'queries: Queries = Depends(get_pgq_queries),', 'payload=json.dumps({""user_name"": user_name}).encode(),', 'return Response(status_code=201)', 'priority: int = 0,', 'queries: Queries = Depends(get_pgq_queries),', 'ids = await queries.enqueue(entrypoint, payload.encode(), priority)', 'queries: Queries = Depends(get_pgq_queries),', 'stats = await queries.queue_size()', 'queries: Queries = Depends', 'priority: int = 0', 'queries: Queries = Depends', 'dict:\n        ids = await', 'queries: Queries = Depends', 'list:\n        stats = await', 'queue-size']","['decaratorfunc', 'decaratorfunc', 'decaratorfunc', 'decaratorfunc', '__name__', 'tryfinally', 'pass', 'importfunc', 'importfunc', 'importfunc', 'importfunc', 'importfunc', 'importfunc', 'importfunc', 'importfromsimple', 'importfromsimple', 'importfromsimple', 'importfromsimple', 'simplefunc', 'return', 'return', 'return', 'return', 'return', 'simpleif', 'simpleAssign', 'simpleAssign', 'simpleAssign', 'simpleAssign', 'simpleAssign', 'simpleAssign', 'simpleAssign', 'simpleAssign', 'simpleAssign', 'simpleAssign', 'simpleAssign', 'annAssign', 'annAssign', 'annAssign', 'annAssign', 'annAssign', 'annAssign', 'biSub']",24,8,6,0,5,0
janbjorge__pgqueuer__pr2327904675__20251223_042145__141593e576e2e3bbb6616c0a6fb66c5c39065fe5__applications_before,"['@dataclasses.dataclass\nclass', 'import annotations\n', 'import asyncio\n', 'import dataclasses\n', 'import timedelta\n', 'import Callable\n', 'import Driver\n', 'import Channel\n', 'import DBSettings\n', 'import QueueManager\n', 'import SchedulerManager\n', 'import TaskManager\n', 'from __future__ import annotations\n\nimport asyncio\n', 'from datetime import timedelta\n', 'from typing import Callable\n', 'self.qm = QueueManager(self.connection, self.channel)', 'self.sm = SchedulerManager(self.connection)', 'self.qm.shutdown = self.shutdown', 'self.sm.shutdown = self.shutdown', 'def __post_init__(self) -> None:\n', 'return self.qm.entrypoint(\n', 'return self.sm.schedule(\n', 'channel: Channel = dataclasses.field(', 'default=Channel(DBSettings().channel),', 'shutdown: asyncio.Event = dataclasses.field(', 'init=False,', 'default_factory=asyncio.Event,', 'qm: QueueManager = dataclasses.field(', 'init=False,', 'sm: SchedulerManager = dataclasses.field(', 'init=False,', 'self.qm = QueueManager(self.connection, self.channel)', 'self.sm = SchedulerManager(self.connection)', 'self.qm.shutdown = self.shutdown', 'self.sm.shutdown = self.shutdown', 'dequeue_timeout: timedelta = timedelta(seconds=30),', 'batch_size: int = 10,', 'batch_size=batch_size,', 'dequeue_timeout=dequeue_timeout,', 'requests_per_second: float = float(""inf""),', 'concurrency_limit: int = 0,', 'retry_timer: timedelta = timedelta(seconds=0),', 'serialized_dispatch: bool = False,', 'executor: type[AbstractEntrypointExecutor] | None = None,', 'None = None,', 'name=name,', 'requests_per_second=requests_per_second,', 'concurrency_limit=concurrency_limit,', 'retry_timer=retry_timer,', 'serialized_dispatch=serialized_dispatch,', 'executor=executor,', 'executor_factory=executor_factory,', 'executor: type[AbstractScheduleExecutor] | None = None,', 'None = None,', 'entrypoint=entrypoint,', 'expression=expression,', 'executor=executor,', 'executor_factory=executor_factory,', 'channel: Channel = dataclasses', 'qm: QueueManager = dataclasses', 'sm: SchedulerManager = dataclasses', 'dequeue_timeout: timedelta = timedelta', 'batch_size: int = 10', 'requests_per_second: float = float', 'concurrency_limit: int = 0', 'retry_timer: timedelta = timedelta', 'serialized_dispatch: bool = False', 'TaskManager\n\n\n@dataclasses']","['decaratorclass', 'importfunc', 'importfunc', 'importfunc', 'importfunc', 'importfunc', 'importfunc', 'importfunc', 'importfunc', 'importfunc', 'importfunc', 'importfunc', 'importfromsimple', 'importfromsimple', 'importfromsimple', 'simpleattr', 'simpleattr', 'simpleattr', 'simpleattr', 'simplefunc', 'return', 'return', 'simpleAssign', 'simpleAssign', 'simpleAssign', 'simpleAssign', 'simpleAssign', 'simpleAssign', 'simpleAssign', 'simpleAssign', 'simpleAssign', 'simpleAssign', 'simpleAssign', 'simpleAssign', 'simpleAssign', 'simpleAssign', 'simpleAssign', 'simpleAssign', 'simpleAssign', 'simpleAssign', 'simpleAssign', 'simpleAssign', 'simpleAssign', 'simpleAssign', 'simpleAssign', 'simpleAssign', 'simpleAssign', 'simpleAssign', 'simpleAssign', 'simpleAssign', 'simpleAssign', 'simpleAssign', 'simpleAssign', 'simpleAssign', 'simpleAssign', 'simpleAssign', 'simpleAssign', 'simpleAssign', 'annAssign', 'annAssign', 'annAssign', 'annAssign', 'annAssign', 'annAssign', 'annAssign', 'annAssign', 'annAssign', 'mathMul']",47,12,3,5,0,1
janbjorge__pgqueuer__pr2259303873__20251223_042159__da022f595e3209832b2f1c2c3c1892959a4c02c4__cli_before,"['@property\n    def', '@app.callback()\ndef', '@app.command(help=""Install the necessary database schema for PGQueuer."")\ndef', '@app.command(help=""Remove the PGQueuer schema from the database."")\ndef', '@app.command(help=""Apply upgrades to the existing PGQueuer database schema."")\ndef', '@app.command(help=""Display a live dashboard showing job statistics."")\ndef', '@app.command(help=""Listen to a PostgreSQL NOTIFY channel for debug purposes."")\ndef', '@app.command(help=""Start a QueueManager to manage and process jobs."")\ndef', '@app.command(help=""Manage schedules in the PGQueuer system."")\ndef', '@dataclass\nclass', 'if __name__ == ""__main__"":', 'while True:', 'while True:', 'raise RuntimeError(""Neither asyncpg nor psycopg could be imported."")', 'import annotations\n', 'import asyncio\n', 'import contextlib\n', 'import os\n', 'import dataclass\n', 'import timedelta\n', 'import typer\n', 'import uvloop\n', 'import tabulate\n', 'import Context\n', 'import asyncpg\n', 'import psycopg\n', 'from __future__ import annotations\n\nimport asyncio\n', 'from dataclasses import dataclass\n', 'from datetime import timedelta\n', 'from typing import Awaitable, Callable\n\nimport typer\n', 'from tabulate import tabulate\n', 'from typer import Context\n', 'def setup_env(self) -> None:\n', 'def dsn(self) -> str:\n', 'def run() -> None:\n', 'def run() -> None:\n', 'def run() -> None:\n', 'def factory() -> queries.Queries:\n', 'def run() -> None:\n', 'def run() -> None:\n', 'def run_async() -> None:\n', 'return dsn\n', 'return\n        await asyncio.sleep(interval.total_seconds())\n', 'return queries.Queries(db.AsyncpgDriver(await asyncpg.connect(dsn=conninfo)))\n', 'return queries.Queries(\n', 'return await query_adapter(config.dsn)\n', 'return factory\n', 'if self.prefix:\n            os.environ[""PGQUEUER_PREFIX""] = self.prefix\n', 'if self.pg_schema is not None:\n            dsn = helpers.add_schema_to_dsn(dsn, self.pg_schema)\n', 'if interval is None:\n            return\n', 'if not dry_run:\n        uvloop.run(run())\n', 'if not dry_run:\n            await (await query_adapter(config.dsn)).uninstall()\n', 'if not dry_run:\n            await (await query_adapter(config.dsn)).upgrade()\n', 'if remove:\n            schedule_ids = {models.ScheduleId(int(x)) for x in remove if x.isdigit()}\n', 'if __name__ == ""__main__"":\n    app(prog_name=""pgqueuer"")\n', 'print(repr((await queue.get()).root))', 'print(clear_and_home, end="""")', 'print(queries.qb.QueryBuilderEnvironment().create_install_query())', 'print(queries.qb.QueryBuilderEnvironment().create_uninstall_query())', 'print(f""\\n{\'-\'*50}\\n"".join(queries.qb.QueryBuilderEnvironment().create_upgrade_queries()))', 'app = typer.Typer(', 'no_args_is_help=True,', 'pretty_exceptions_show_locals=False,', 'os.environ[""PGQUEUER_PREFIX""] = self.prefix', 'dsn = self.pg_dsn or db.dsn(', 'database=self.pg_database,', 'password=self.pg_password,', 'port=self.pg_port,', 'user=self.pg_user,', 'host=self.pg_host,', 'dsn = helpers.add_schema_to_dsn(dsn, self.pg_schema)', 'prefix: str = typer.Option("""", help=""Prefix for pgqueuer objects."", envvar=""PGQUEUER_PREFIX""),', 'pg_dsn: str = typer.Option(None, help=""Database DSN."", envvar=""PGDSN""),', 'pg_host: str = typer.Option(None, help=""Database host."", envvar=""PGHOST""),', 'pg_port: str = typer.Option(""5432"", help=""Database port."", envvar=""PGPORT""),', 'pg_user: str = typer.Option(None, help=""Database user."", envvar=""PGUSER""),', 'pg_database: str = typer.Option(None, help=""Database name."", envvar=""PGDATABASE""),', 'pg_password: str = typer.Option(None, help=""Database password."", envvar=""PGPASSWORD""),', 'pg_schema: str = typer.Option(None, help=""Database schema."", envvar=""PGSCHEMA""),', 'config = AppConfig(', 'prefix=prefix,', 'pg_dsn=pg_dsn,', 'pg_host=pg_host,', 'pg_port=pg_port,', 'pg_user=pg_user,', 'pg_database=pg_database,', 'pg_password=pg_password,', 'pg_schema=pg_schema,', 'ctx.obj = config', 'tablefmt=os.environ.get(qb.add_prefix(""TABLEFMT""), ""pretty""),', 'queue = asyncio.Queue[models.AnyEvent]()', 'tablefmt=os.environ.get(qb.add_prefix(""TABLEFMT""), ""pretty""),', 'return queries.Queries(db.AsyncpgDriver(await asyncpg.connect(dsn=conninfo)))', 'await psycopg.AsyncConnection.connect(conninfo=conninfo, autocommit=True)', 'dry_run: bool = typer.Option(False, help=""Print SQL only.""),', 'config: AppConfig = ctx.obj', 'dry_run: bool = typer.Option(False, help=""Print SQL only.""),', 'config: AppConfig = ctx.obj', 'dry_run: bool = typer.Option(False, help=""Print SQL only.""),', 'config: AppConfig = ctx.obj', 'config: AppConfig = ctx.obj', 'factory_fn_ref: str | None = typer.Option(', 'interval: float | None = typer.Option(None, ""-i"", ""--interval""),', 'tail: int = typer.Option(25, ""-n"", ""--tail""),', 'interval_td = timedelta(seconds=interval) if interval is not None else None', 'channel: str = typer.Option(qb.DBSettings().channel, ""--channel""),', 'config: AppConfig = ctx.obj', 'factory_fn: str = typer.Argument(...),', 'dequeue_timeout: float = typer.Option(30.0, ""--dequeue-timeout""),', 'batch_size: int = typer.Option(10, ""--batch-size""),', 'restart_delay: float = typer.Option(5.0, ""--restart-delay""),', 'restart_on_failure: bool = typer.Option(False, ""--restart-on-failure""),', 'dequeue_timeout=timedelta(seconds=dequeue_timeout),', 'batch_size=batch_size,', 'restart_delay=timedelta(seconds=restart_delay if restart_on_failure else 0),', 'restart_on_failure=restart_on_failure,', 'shutdown=asyncio.Event(),', 'remove: list[str] = typer.Option([], ""-r"", ""--remove""),', 'config: AppConfig = ctx.obj', 'q = await query_adapter(config.dsn)', 'schedule_ids = {models.ScheduleId(int(x)) for x in remove if x.isdigit()}', 'schedule_names = {x for x in remove if not x.isdigit()}', 'schedule_ids = {models.ScheduleId(int(x)) for x in remove if x.isdigit()}', 'schedule_names = {x for x in remove if not x.isdigit()}', 'str:\n        dsn = self', 'None:\n            dsn = helpers', 'prefix: str = typer', 'pg_dsn: str = typer', 'pg_host: str = typer', 'pg_port: str = typer', 'pg_user: str = typer', 'pg_database: str = typer', 'pg_password: str = typer', 'pg_schema: str = typer', 'None:\n    config = AppConfig', 'None:\n    queue = asyncio', 'dry_run: bool = typer', 'config: AppConfig = ctx', 'dry_run: bool = typer', 'config: AppConfig = ctx', 'dry_run: bool = typer', 'config: AppConfig = ctx', 'config: AppConfig = ctx', 'tail: int = typer', 'None:\n    interval_td = timedelta', 'channel: str = typer', 'config: AppConfig = ctx', 'factory_fn: str = typer', 'dequeue_timeout: float = typer', 'batch_size: int = typer', 'restart_delay: float = typer', 'restart_on_failure: bool = typer', 'config: AppConfig = ctx', 'None:\n        q = await', 'real-time', 'dequeue-timeout', 'batch-size', 'restart-delay', 'restart-on', ' not None', ' not dry_run', ' not dry_run', ' not dry_run', ' not None', ' not x', 'com/janbjorge', 'timedelta | None', 'str | None', 'float | None', 'prefix\n\n    @property', 'dsn\n\n\n@app', 'factory\n\n\n@app', 'documentation and examples:']","['decaratorfunc', 'decaratorfunc', 'decaratorfunc', 'decaratorfunc', 'decaratorfunc', 'decaratorfunc', 'decaratorfunc', 'decaratorfunc', 'decaratorfunc', 'decaratorclass', '__name__', 'whilesimple', 'whilesimple', 'raise', 'importfunc', 'importfunc', 'importfunc', 'importfunc', 'importfunc', 'importfunc', 'importfunc', 'importfunc', 'importfunc', 'importfunc', 'importfunc', 'importfunc', 'importfromsimple', 'importfromsimple', 'importfromsimple', 'importfromsimple', 'importfromsimple', 'importfromsimple', 'simplefunc', 'simplefunc', 'simplefunc', 'simplefunc', 'simplefunc', 'simplefunc', 'simplefunc', 'simplefunc', 'simplefunc', 'return', 'return', 'return', 'return', 'return', 'return', 'simpleif', 'simpleif', 'simpleif', 'simpleif', 'simpleif', 'simpleif', 'simpleif', 'simpleif', 'printfunc', 'printfunc', 'printfunc', 'printfunc', 'printfunc', 'simpleAssign', 'simpleAssign', 'simpleAssign', 'simpleAssign', 'simpleAssign', 'simpleAssign', 'simpleAssign', 'simpleAssign', 'simpleAssign', 'simpleAssign', 'simpleAssign', 'simpleAssign', 'simpleAssign', 'simpleAssign', 'simpleAssign', 'simpleAssign', 'simpleAssign', 'simpleAssign', 'simpleAssign', 'simpleAssign', 'simpleAssign', 'simpleAssign', 'simpleAssign', 'simpleAssign', 'simpleAssign', 'simpleAssign', 'simpleAssign', 'simpleAssign', 'simpleAssign', 'simpleAssign', 'simpleAssign', 'simpleAssign', 'simpleAssign', 'simpleAssign', 'simpleAssign', 'simpleAssign', 'simpleAssign', 'simpleAssign', 'simpleAssign', 'simpleAssign', 'simpleAssign', 'simpleAssign', 'simpleAssign', 'simpleAssign', 'simpleAssign', 'simpleAssign', 'simpleAssign', 'simpleAssign', 'simpleAssign', 'simpleAssign', 'simpleAssign', 'simpleAssign', 'simpleAssign', 'simpleAssign', 'simpleAssign', 'simpleAssign', 'simpleAssign', 'simpleAssign', 'simpleAssign', 'simpleAssign', 'simpleSet', 'simpleSet', 'setComprehension', 'setComprehension', 'annAssign', 'annAssign', 'annAssign', 'annAssign', 'annAssign', 'annAssign', 'annAssign', 'annAssign', 'annAssign', 'annAssign', 'annAssign', 'annAssign', 'annAssign', 'annAssign', 'annAssign', 'annAssign', 'annAssign', 'annAssign', 'annAssign', 'annAssign', 'annAssign', 'annAssign', 'annAssign', 'annAssign', 'annAssign', 'annAssign', 'annAssign', 'annAssign', 'annAssign', 'annAssign', 'biSub', 'biSub', 'biSub', 'biSub', 'biSub', 'unaryNot', 'unaryNot', 'unaryNot', 'unaryNot', 'unaryNot', 'unaryNot', 'bidivide', 'bitOr', 'bitOr', 'bitOr', 'mathMul', 'mathMul', 'mathMul', 'boolAnd']",125,23,10,4,10,1
janbjorge__pgqueuer__pr2475411025__20251223_042133__da25653fe65c900b88a2fec3a01a578a0faed373__qm_before,"['@property\n    def', '@dataclasses.dataclass\nclass', 'while not self.shutdown.is_set():\n            entrypoints = {\n                x: queries.EntrypointExecutionParameter(\n                    retry_after=self.entrypoint_registry[x].parameters.retry_timer,\n                    serialized=self.entrypoint_registry[x].parameters.serialized_dispatch,\n                    concurrency_limit=self.entrypoint_registry[x].parameters.concurrency_limit,\n                )\n                for x in self.entrypoints_below_capacity_limits()\n            }\n\n            if not (\n                jobs := await self.queries.dequeue(\n                    batch_size=batch_size,\n                    entrypoints=entrypoints,\n                    queue_manager_id=self.queue_manager_id,\n                    global_concurrency_limit=global_concurrency_limit,\n                )\n            ):\n                break\n\n            for job in jobs:\n                yield job\n\n    async def update_rps_stats(self, events: list[str]) -> None:\n        """"""Update rate-per-second statistics for the given entrypoints.""""""\n        if events:\n            await self.queries.notify_entrypoint_rps(\n                {\n                    k: v\n                    for k, v in Counter(events).items()\n                    if isfinite(self.entrypoint_registry[k].parameters.requests_per_second)\n                }\n            )\n\n    async def verify_structure(self) -> None:\n        """"""\n        Verify the required database structure.\n\n        Checks necessary columns and user-defined types. Raises RuntimeError if missing.\n        """"""\n\n        for table in (\n            self.queries.qbe.settings.queue_table,\n            self.queries.qbe.settings.statistics_table,\n        ):\n            if not (await self.queries.has_table(table)):\n                raise RuntimeError(\n                    f""The required table \'{table}\' is missing. ""\n                    f""Please run \'pgq install\' to set up the necessary tables.""\n                )\n\n        if not (await self.queries.has_table(self.queries.qbe.settings.queue_table_log)):\n            raise RuntimeError(\n                f""The {self.queries.qbe.settings.queue_table_log} table is missing ""\n                ""please run \'pgq upgrade\'""\n            )\n\n        for table, column in (\n            (self.queries.qbe.settings.queue_table, ""updated""),\n            (self.queries.qbe.settings.queue_table, ""heartbeat""),\n            (self.queries.qbe.settings.queue_table, ""queue_manager_id""),\n            (self.queries.qbe.settings.queue_table, ""execute_after""),\n            (self.queries.qbe.settings.queue_table_log, ""traceback""),\n        ):\n            if not (await self.queries.table_has_column(table, column)):\n                raise RuntimeError(\n                    f""The required column \'{column}\' is missing in the \'{table}\' table. ""\n                    f""Please run \'pgq upgrade\' to ensure all schema changes are applied.""\n                )\n\n        for key, enum in ((""canceled"", self.queries.qbe.settings.queue_status_type),):\n            if not (await self.queries.has_user_defined_enum(key, enum)):\n                raise RuntimeError(\n                    f""The {enum} is missing the \'{key}\' type, please run \'pgq upgrade\'""\n                )\n\n    async def run(\n        self,\n        dequeue_timeout: timedelta = timedelta(seconds=30),\n        batch_size: int = 10,\n        mode: types.QueueExecutionMode = types.QueueExecutionMode.continuous,\n        max_concurrent_tasks: int | None = None,\n    ) -> None:\n        """"""\n        Run the main loop to process jobs from the queue.\n\n        Continuously listens for events and dispatches jobs, managing connections\n        and tasks, logging timeouts, and resetting connections upon termination.\n\n        Args:\n            dequeue_timeout (timedelta): Timeout duration for waiting to dequeue jobs.\n            batch_size (int): Number of jobs to retrieve in each batch.\n            mode (QueueExecutionMode): Whether to run in `continuous` or `drain` until\n                queue is empty then shutdown.\n\n        Raises:\n            RuntimeError: If required database columns or types are missing.\n        """"""\n\n        await self.verify_structure()\n\n        job_status_log_buffer_timeout = timedelta(seconds=0.01)\n        heartbeat_buffer_timeout = helpers.retry_timer_buffer_timeout(\n            [x.parameters.retry_timer for x in self.entrypoint_registry.values()]\n        )\n\n        max_concurrent_tasks = max_concurrent_tasks or sys.maxsize\n\n        if max_concurrent_tasks < 2 * batch_size:\n            raise RuntimeError(""max_concurrent_tasks must be at least twice the batch size."")\n\n        async with (\n            buffers.JobStatusLogBuffer(\n                max_size=batch_size,\n                timeout=job_status_log_buffer_timeout,\n                callback=self.queries.log_jobs,\n            ) as jbuff,\n            buffers.HeartbeatBuffer(\n                # Flush will be mainly driven by timeouts, but allow flush if\n                # backlog becomes too large.\n                max_size=batch_size**2,\n                timeout=heartbeat_buffer_timeout,\n                callback=self.queries.update_heartbeat,\n            ) as hbuff,\n            buffers.RequestsPerSecondBuffer(\n                max_size=batch_size,\n                timeout=timedelta(seconds=0.01),\n                callback=self.update_rps_stats,\n            ) as rpsbuff,\n            tm.TaskManager() as task_manager,\n            self.connection,\n        ):\n            notice_event_listener = listeners.PGNoticeEventListener()\n            await listeners.initialize_notice_event_listener(\n                self.connection,\n                self.channel,\n                functools.partial(\n                    listeners.handle_event_type,\n                    notice_event_queue=notice_event_listener,\n                    statistics=self.entrypoint_statistics,\n                    canceled=self.job_context,\n                ),\n            )\n\n            shutdown_task = asyncio.create_task(self.shutdown.wait())\n            event_task: None | asyncio.Task[None | models.TableChangedEvent] = None\n            cached_queued_work = cache.TTLCache.create(\n                ttl=timedelta(seconds=0.250),\n                on_expired=lambda: self.queries.queued_work(list(self.entrypoint_registry.keys())),\n            )\n\n            while not self.shutdown.is_set():\n                async for job in self.fetch_jobs(batch_size, max_concurrent_tasks):\n                    await rpsbuff.add(job.entrypoint)\n                    self.job_context[job.id] = models.Context(cancellation=anyio.CancelScope())\n                    task_manager.add(asyncio.create_task(self._dispatch(job, jbuff, hbuff)))\n\n                    with contextlib.suppress(asyncio.QueueEmpty):\n                        notice_event_listener.get_nowait()\n\n                    if self.shutdown.is_set():\n                        break', 'while not self.shutdown.is_set():', 'while not self.shutdown.is_set():', 'while processing entrypoint/job-id:', 'raise RuntimeError(f""{name} already in registry, name must be unique."")', 'raise RuntimeError(f""{name} already in registry, name must be unique."")', 'raise ValueError(""Rate must be float | int."")', 'raise ValueError(""Rate must be greater or eq. to zero."")', 'raise ValueError(""Concurrency limit must be int."")', 'raise ValueError(""Concurrency limit must be greater or eq. to zero."")', 'raise ValueError(""Serialized dispatch must be boolean"")', 'raise RuntimeError(""max_concurrent_tasks must be at least twice the batch size."")', 'for key, enum in ((""canceled"", self.queries.qbe.settings.queue_status_type),):', 'import annotations\n', 'import asyncio\n', 'import contextlib\n', 'import dataclasses\n', 'import functools\n', 'import sys\n', 'import uuid\n', 'import warnings\n', 'import nullcontext\n', 'import timedelta\n', 'import isfinite\n', 'import anyio\n', 'from __future__ import annotations\n\nimport asyncio\n', 'from contextlib import nullcontext\n', 'from datetime import timedelta\n', 'from math import isfinite\n', 'from typing import AsyncGenerator, Callable\n\nimport anyio\n', 'self.queries = queries.Queries(self.connection)', 'self.entrypoint_registry[name] = executor', 'self.entrypoint_statistics[name] = models.EntrypointStatistics(', 'self.job_context[job.id] = models.Context(cancellation=anyio.CancelScope())', 'def alive(self) -> asyncio.Event:\n', 'def __post_init__(self) -> None:\n', 'def entrypoints_below_capacity_limits(self) -> set[str]:\n', 'def verify_structure(self) -> None:\n', 'return self.shutdown\n', 'return self.job_context[job_id]\n', 'return func\n', 'return register\n', 'return 0.0\n', 'return requests / timespan.total_seconds()\n', 'return below_rps_limit and below_concurrency_limit\n', 'return {\n', 'if name in self.entrypoint_registry:\n            raise RuntimeError(f""{name} already in registry, name must be unique."")\n', 'if executor is not None:\n            warnings.warn(\n', 'if name in self.entrypoint_registry:\n            raise RuntimeError(f""{name} already in registry, name must be unique."")\n', 'if not isinstance(requests_per_second, (float, int)):\n            raise ValueError(""Rate must be float | int."")\n', 'if requests_per_second < 0:\n            raise ValueError(""Rate must be greater or eq. to zero."")\n', 'if not isinstance(concurrency_limit, int):\n            raise ValueError(""Concurrency limit must be int."")\n', 'if concurrency_limit < 0:\n            raise ValueError(""Concurrency limit must be greater or eq. to zero."")\n', 'if not isinstance(serialized_dispatch, bool):\n            raise ValueError(""Serialized dispatch must be boolean"")\n', 'if not samples:\n            return 0.0\n', 'if events:\n            await self.queries.notify_entrypoint_rps(\n', 'if not (await self.queries.has_table(table)):\n                raise RuntimeError(\n', 'if not (await self.queries.has_table(self.queries.qbe.settings.queue_table_log)):\n            raise RuntimeError(\n', 'if not (await self.queries.table_has_column(table, column)):\n                raise RuntimeError(\n', 'if not (await self.queries.has_user_defined_enum(key, enum)):\n                raise RuntimeError(\n', 'if max_concurrent_tasks < 2 * batch_size:\n            raise RuntimeError(""max_concurrent_tasks must be at least twice the batch size."")\n', 'if self.shutdown.is_set():\n                        break\n', 'if mode is types.QueueExecutionMode.drain and (await cached_queued_work()) == 0:\n                    self.shutdown.set()\n', 'if event_task and not event_task.done():\n            event_task.cancel()\n', 'if not shutdown_task.done():\n            shutdown_task.cancel()\n', 'if not ctx.cancellation.cancel_called:\n                    await executor.execute(job, ctx)\n', 'for job in jobs:', 'for job in self.fetch_jobs(batch_size, max_concurrent_tasks):', 'timespan = helpers.utc_now() - min(t for _, t in samples) + epsilon', 'channel: models.Channel = dataclasses.field(', 'default=models.Channel(qb.DBSettings().channel),', 'shutdown: asyncio.Event = dataclasses.field(', 'init=False,', 'default_factory=asyncio.Event,', 'queries: queries.Queries = dataclasses.field(init=False)', 'entrypoint_registry: dict[str, executors.AbstractEntrypointExecutor] = dataclasses.field(', 'init=False,', 'default_factory=dict,', 'entrypoint_statistics: dict[str, models.EntrypointStatistics] = dataclasses.field(', 'init=False,', 'default_factory=dict,', 'queue_manager_id: uuid.UUID = dataclasses.field(', 'init=False,', 'default_factory=uuid.uuid4,', 'job_context: dict[models.JobId, models.Context] = dataclasses.field(', 'init=False,', 'default_factory=dict,', 'stacklevel=2,', 'self.queries = queries.Queries(self.connection)', 'self.entrypoint_registry[name] = executor', 'self.entrypoint_statistics[name] = models.EntrypointStatistics(', 'samples=deque(maxlen=1_000),', 'concurrency_limiter=asyncio.Semaphore(executor.parameters.concurrency_limit)', 'requests_per_second: float = float(""inf""),', 'concurrency_limit: int = 0,', 'retry_timer: timedelta = timedelta(seconds=0),', 'serialized_dispatch: bool = False,', 'executor: type[executors.AbstractEntrypointExecutor] | None = None,', 'None = None,', 'stacklevel=3,', 'executor_factory = executor_factory or executors.EntrypointExecutor', 'connection=self.connection,', 'channel=self.channel,', 'shutdown=self.shutdown,', 'queries=self.queries,', 'func=func,', 'requests_per_second=requests_per_second,', 'retry_timer=retry_timer,', 'serialized_dispatch=serialized_dispatch,', 'concurrency_limit=concurrency_limit,', 'epsilon: timedelta = timedelta(milliseconds=0.01),', 'samples = self.entrypoint_statistics[entrypoint].samples', 'timespan = helpers.utc_now() - min(t for _, t in samples) + epsilon', 'requests = sum(c for c, _ in samples)', 'below_concurrency_limit = not (', 'c_limiter := self.entrypoint_statistics[entrypoint].concurrency_limiter,', 'retry_after=self.entrypoint_registry[x].parameters.retry_timer,', 'serialized=self.entrypoint_registry[x].parameters.serialized_dispatch,', 'concurrency_limit=self.entrypoint_registry[x].parameters.concurrency_limit,', 'jobs := await self.queries.dequeue(', 'batch_size=batch_size,', 'entrypoints=entrypoints,', 'queue_manager_id=self.queue_manager_id,', 'global_concurrency_limit=global_concurrency_limit,', 'dequeue_timeout: timedelta = timedelta(seconds=30),', 'batch_size: int = 10,', 'mode: types.QueueExecutionMode = types.QueueExecutionMode.continuous,', 'max_concurrent_tasks: int | None = None,', 'job_status_log_buffer_timeout = timedelta(seconds=0.01)', 'heartbeat_buffer_timeout = helpers.retry_timer_buffer_timeout(', 'max_concurrent_tasks = max_concurrent_tasks or sys.maxsize', 'max_size=batch_size,', 'timeout=job_status_log_buffer_timeout,', 'callback=self.queries.log_jobs,', 'max_size=batch_size**2,', 'timeout=heartbeat_buffer_timeout,', 'callback=self.queries.update_heartbeat,', 'max_size=batch_size,', 'timeout=timedelta(seconds=0.01),', 'callback=self.update_rps_stats,', 'notice_event_listener = listeners.PGNoticeEventListener()', 'notice_event_queue=notice_event_listener,', 'statistics=self.entrypoint_statistics,', 'canceled=self.job_context,', 'shutdown_task = asyncio.create_task(self.shutdown.wait())', 'event_task: None | asyncio.Task[None | models.TableChangedEvent] = None', 'cached_queued_work = cache.TTLCache.create(', 'ttl=timedelta(seconds=0.250),', 'on_expired=lambda: self.queries.queued_work(list(self.entrypoint_registry.keys())),', 'self.job_context[job.id] = models.Context(cancellation=anyio.CancelScope())', 'if mode is types.QueueExecutionMode.drain and (await cached_queued_work()) == 0:', 'event_task = helpers.wait_for_notice_event(', 'return_when=asyncio.FIRST_COMPLETED,', 'executor = self.entrypoint_registry[job.entrypoint]', 'ctx = self.get_context(job.id)', 'tbr = models.TracebackRecord.from_exception(', 'exc=e,', 'job_id=job.id,', 'canceled = ctx.cancellation.cancel_called', 'requests_per_second: float = float', 'concurrency_limit: int = 0', 'retry_timer: timedelta = timedelta', 'serialized_dispatch: bool = False', 'epsilon: timedelta = timedelta', 'dequeue_timeout: timedelta = timedelta', 'batch_size: int = 10', 'rate-per', 'user-defined', 'job-id', ' not None', ' not isinstance', ' not isinstance', ' not isinstance', ' not samples', ' not self', ' not self', ' not yield', ' not event_task', ' not shutdown_task', ' not ctx', 'type / value', 'type / value', 'requests / timespan', 'entrypoint/id', 'retry_timer / 2', 'entrypoint/job', 'entrypoint/id', 'batch_size**2', 'float | int', 'int | None', 'int | None', 'None | asyncio', 'None | models']","['decaratorfunc', 'decaratorclass', 'whilebreak', 'whilesimple', 'whilesimple', 'whilesimple', 'raise', 'raise', 'raise', 'raise', 'raise', 'raise', 'raise', 'raise', 'forwithtuple', 'importfunc', 'importfunc', 'importfunc', 'importfunc', 'importfunc', 'importfunc', 'importfunc', 'importfunc', 'importfunc', 'importfunc', 'importfunc', 'importfunc', 'importfromsimple', 'importfromsimple', 'importfromsimple', 'importfromsimple', 'importfromsimple', 'simpleattr', 'simpleattr', 'simpleattr', 'simpleattr', 'simplefunc', 'simplefunc', 'simplefunc', 'simplefunc', 'return', 'return', 'return', 'return', 'return', 'return', 'return', 'return', 'simpleif', 'simpleif', 'simpleif', 'simpleif', 'simpleif', 'simpleif', 'simpleif', 'simpleif', 'simpleif', 'simpleif', 'simpleif', 'simpleif', 'simpleif', 'simpleif', 'simpleif', 'simpleif', 'simpleif', 'simpleif', 'simpleif', 'simpleif', 'forsimple', 'forsimple', 'assignwithSum', 'simpleAssign', 'simpleAssign', 'simpleAssign', 'simpleAssign', 'simpleAssign', 'simpleAssign', 'simpleAssign', 'simpleAssign', 'simpleAssign', 'simpleAssign', 'simpleAssign', 'simpleAssign', 'simpleAssign', 'simpleAssign', 'simpleAssign', 'simpleAssign', 'simpleAssign', 'simpleAssign', 'simpleAssign', 'simpleAssign', 'simpleAssign', 'simpleAssign', 'simpleAssign', 'simpleAssign', 'simpleAssign', 'simpleAssign', 'simpleAssign', 'simpleAssign', 'simpleAssign', 'simpleAssign', 'simpleAssign', 'simpleAssign', 'simpleAssign', 'simpleAssign', 'simpleAssign', 'simpleAssign', 'simpleAssign', 'simpleAssign', 'simpleAssign', 'simpleAssign', 'simpleAssign', 'simpleAssign', 'simpleAssign', 'simpleAssign', 'simpleAssign', 'simpleAssign', 'simpleAssign', 'simpleAssign', 'simpleAssign', 'simpleAssign', 'simpleAssign', 'simpleAssign', 'simpleAssign', 'simpleAssign', 'simpleAssign', 'simpleAssign', 'simpleAssign', 'simpleAssign', 'simpleAssign', 'simpleAssign', 'simpleAssign', 'simpleAssign', 'simpleAssign', 'simpleAssign', 'simpleAssign', 'simpleAssign', 'simpleAssign', 'simpleAssign', 'simpleAssign', 'simpleAssign', 'simpleAssign', 'simpleAssign', 'simpleAssign', 'simpleAssign', 'simpleAssign', 'simpleAssign', 'simpleAssign', 'simpleAssign', 'simpleAssign', 'simpleAssign', 'simpleAssign', 'simpleAssign', 'simpleAssign', 'simpleAssign', 'simpleAssign', 'simpleAssign', 'simpleAssign', 'simpleAssign', 'simpleAssign', 'simpleAssign', 'annAssign', 'annAssign', 'annAssign', 'annAssign', 'annAssign', 'annAssign', 'annAssign', 'biSub', 'biSub', 'biSub', 'unaryNot', 'unaryNot', 'unaryNot', 'unaryNot', 'unaryNot', 'unaryNot', 'unaryNot', 'unaryNot', 'unaryNot', 'unaryNot', 'unaryNot', 'bidivide', 'bidivide', 'bidivide', 'bidivide', 'bidivide', 'bidivide', 'bidivide', 'power', 'bitOr', 'bitOr', 'bitOr', 'bitOr', 'bitOr']",153,22,5,12,2,1
janbjorge__pgqueuer__pr2475411025__20251223_042137__da25653fe65c900b88a2fec3a01a578a0faed373__test_listeners_after,"['@router.register(""table_changed_event"")\n    def', '@router.register(""table_changed_event"")\n    def', '@router.register(""table_changed_event"")\n        def', 'while len(evnets) < 1:', 'while len(evnets) < 1:', 'while len(evnets) < 1:', 'while len(evnets) < 1:', 'while len(evnets) < 1:', 'assert notice_event_queue.qsize() == 1\n', 'assert len(statistics[""entrypoint_1""].samples) == 1\n', 'assert statistics[""entrypoint_1""].samples[0] == (10, event.root.sent_at)\n', 'assert event.root.type == ""table_changed_event""\n', 'assert event.root.table == add_prefix(""pgqueuer"")\n', 'assert event.root.operation == ""insert""\n', 'assert event.root.type == ""table_changed_event""\n', 'assert event.root.table == add_prefix(""pgqueuer"")\n', 'assert event.root.operation == ""insert""\n', 'assert len(evnets) == 0\n', 'assert event.root.type == ""table_changed_event""\n', 'assert event.root.table == add_prefix(""pgqueuer"")\n', 'assert event.root.operation == ""truncate""\n', 'assert event.root.type == ""table_changed_event""\n', 'assert event.root.table == add_prefix(""pgqueuer"")\n', 'assert len(evnets) == 0\n', '    def _handler(evt: TableChangedEvent) -> None:\n        pass', '        def _another(evt: TableChangedEvent) -> None:\n            pass', 'entrypoint_count={""entrypoint_1"": 10}', 'called = {""flag"": False}', 'import asyncio\n', 'import uuid\n', 'import deque\n', 'import MutableMapping\n', 'import pytest\n', 'import CancelScope\n', 'import timeout\n', 'import db\n', 'from collections import deque\n', 'from typing import MutableMapping\n\nimport pytest\n', 'from anyio import CancelScope\n', 'from async_timeout import timeout\n', 'from pgqueuer import db\n', 'range(10)', 'def test_handle_table_changed_event() -> None:\n', 'def test_handle_requests_per_second_event() -> None:\n', 'def test_handle_cancellation_event() -> None:\n', 'def test_event_router_dispatches_correct_handler() -> None:\n', 'def test_event_router_duplicate_registration_raises() -> None:\n', 'def test_event_router_missing_handler_raises() -> None:\n', 'assert statistics[""entrypoint_1""].samples[0] == (10, event.root.sent_at)', 'ids=[job_id]', 'notice_event_queue = PGNoticeEventListener()', 'samples=deque(),', 'concurrency_limiter=asyncio.Semaphore(5),', 'event = AnyEvent(', 'root=TableChangedEvent(', 'sent_at=datetime.now(tz=timezone.utc),', 'notice_event_queue=notice_event_queue,', 'statistics=statistics,', 'canceled=canceled,', 'assert notice_event_queue.qsize() == 1', 'notice_event_queue = PGNoticeEventListener()', 'samples=deque(),', 'concurrency_limiter=asyncio.Semaphore(5),', 'event = AnyEvent(', 'root=RequestsPerSecondEvent(', 'sent_at=datetime.now(tz=timezone.utc),', 'notice_event_queue=notice_event_queue,', 'statistics=statistics,', 'canceled=canceled,', 'assert len(statistics[""entrypoint_1""].samples) == 1', 'notice_event_queue = PGNoticeEventListener()', 'samples=deque(),', 'concurrency_limiter=asyncio.Semaphore(5),', 'cancellation_context = Context(cancellation=CancelScope())', 'job_id = JobId(123)', 'canceled[job_id] = cancellation_context', 'event = AnyEvent(', 'root=CancellationEvent(', 'sent_at=datetime.now(tz=timezone.utc),', 'notice_event_queue=notice_event_queue,', 'statistics=statistics,', 'canceled=canceled,', 'evnets = list[AnyEvent]()', 'job_id,) = await Queries(apgdriver).enqueue(', 'event,) = evnets', 'assert event.root.table == add_prefix(""pgqueuer"")', 'evnets = list[AnyEvent]()', 'event,) = evnets', 'assert event.root.table == add_prefix(""pgqueuer"")', 'timedelta(seconds=300), False, 0', 'global_concurrency_limit=1000,', 'assert len(evnets) == 0', 'evnets = list[AnyEvent]()', 'event,) = evnets', 'assert event.root.table == add_prefix(""pgqueuer"")', 'evnets = list[AnyEvent]()', 'job_id,) = await Queries(apgdriver).enqueue(', 'event,) = evnets', 'assert event.root.table == add_prefix(""pgqueuer"")', 'assert len(evnets) == 0', 'router = EventRouter()', 'called[""flag""] = evt.table == ""jobs_table""', 'event = AnyEvent(', 'root=TableChangedEvent(', 'sent_at=datetime.now(tz=timezone.utc),', 'router = EventRouter()', 'router = EventRouter()', 'event = AnyEvent(', 'root=TableChangedEvent(', 'sent_at=datetime.now(tz=timezone.utc),', 'canceled: MutableMapping[JobId, Context] = {}', 'canceled: MutableMapping[JobId, Context] = {}', 'entrypoint_count={""entrypoint_1"": 10}', 'canceled: MutableMapping[JobId, Context] = {}', 'called = {""flag"": False}', 'None:\n    notice_event_queue = PGNoticeEventListener', 'None:\n    notice_event_queue = PGNoticeEventListener', 'None:\n    notice_event_queue = PGNoticeEventListener', 'None:\n    evnets = list', 'None:\n    evnets = list', 'None:\n    evnets = list', 'None:\n    evnets = list', 'None:\n    router = EventRouter', 'None:\n    router = EventRouter', 'None:\n    router = EventRouter']","['decaratorfunc', 'decaratorfunc', 'decaratorfunc', 'whilesimple', 'whilesimple', 'whilesimple', 'whilesimple', 'whilesimple', 'assert', 'assert', 'assert', 'assert', 'assert', 'assert', 'assert', 'assert', 'assert', 'assert', 'assert', 'assert', 'assert', 'assert', 'assert', 'assert', 'pass', 'pass', 'simpleDict', 'simpleDict', 'importfunc', 'importfunc', 'importfunc', 'importfunc', 'importfunc', 'importfunc', 'importfunc', 'importfunc', 'importfromsimple', 'importfromsimple', 'importfromsimple', 'importfromsimple', 'importfromsimple', 'rangefunc', 'simplefunc', 'simplefunc', 'simplefunc', 'simplefunc', 'simplefunc', 'simplefunc', 'simpleTuple', 'simpleList', 'simpleAssign', 'simpleAssign', 'simpleAssign', 'simpleAssign', 'simpleAssign', 'simpleAssign', 'simpleAssign', 'simpleAssign', 'simpleAssign', 'simpleAssign', 'simpleAssign', 'simpleAssign', 'simpleAssign', 'simpleAssign', 'simpleAssign', 'simpleAssign', 'simpleAssign', 'simpleAssign', 'simpleAssign', 'simpleAssign', 'simpleAssign', 'simpleAssign', 'simpleAssign', 'simpleAssign', 'simpleAssign', 'simpleAssign', 'simpleAssign', 'simpleAssign', 'simpleAssign', 'simpleAssign', 'simpleAssign', 'simpleAssign', 'simpleAssign', 'simpleAssign', 'simpleAssign', 'simpleAssign', 'simpleAssign', 'simpleAssign', 'simpleAssign', 'simpleAssign', 'simpleAssign', 'simpleAssign', 'simpleAssign', 'simpleAssign', 'simpleAssign', 'simpleAssign', 'simpleAssign', 'simpleAssign', 'simpleAssign', 'simpleAssign', 'simpleAssign', 'simpleAssign', 'simpleAssign', 'simpleAssign', 'simpleAssign', 'simpleAssign', 'simpleAssign', 'simpleAssign', 'simpleAssign', 'simpleAssign', 'simpleSet', 'simpleSet', 'simpleSet', 'simpleSet', 'simpleSet', 'annAssign', 'annAssign', 'annAssign', 'annAssign', 'annAssign', 'annAssign', 'annAssign', 'annAssign', 'annAssign', 'annAssign']",70,22,14,16,3,0
janbjorge__pgqueuer__pr2281573752__20251223_042141__6dfa62934b730952a832cc78db51655e37ad3899__executors_before,"['super().execute(job, context)', '@overload\ndef', '@overload\ndef', '@abstractmethod\n    async def', '@abstractmethod\n    async def', '@dataclasses.dataclass\nclass', '@dataclasses.dataclass\nclass', '@dataclasses.dataclass\nclass', '@dataclasses.dataclass\nclass', '@dataclasses.dataclass\nclass', '@dataclasses.dataclass\nclass', '@dataclasses.dataclass\nclass', 'while isinstance(obj, functools.partial):', 'while True:', 'try:\n                    return await super().execute(job, context)\n                except Exception as e:', 'class\nclass AbstractEntrypointExecutor(ABC):', 'class\nclass EntrypointExecutor(AbstractEntrypointExecutor):', 'class\nclass RetryWithBackoffEntrypointExecutor(EntrypointExecutor):', 'class\nclass AbstractScheduleExecutor(ABC):', 'class\nclass ScheduleExecutor(AbstractScheduleExecutor):', 'raise errors.MaxTimeExceeded(self.max_time, elp)', 'raise errors.MaxRetriesExceeded(self.max_attempts)', 'import annotations\n', 'import asyncio\n', 'import dataclasses\n', 'import functools\n', 'import random\n', 'import anyio\n', 'import croniter\n', 'from __future__ import annotations\n\nimport asyncio\n', 'from croniter import croniter\n', 'self.is_async = is_async_callable(self.parameters.func)', 'self.max_time and (elp := elapsed()) >= self.max_time:', 'self.max_attempts and attempt >= self.max_attempts:', 'attempt += 1', 'def __post_init__(self) -> None:\n', 'def get_next(self) -> datetime:\n', 'def next_in(self) -> timedelta:\n', 'return asyncio.iscoroutinefunction(obj) or (\n', 'return await super().execute(job, context)\n', 'return datetime.fromtimestamp(\n', 'return self.get_next() - helpers.utc_now()\n', 'if self.is_async:\n            await cast(AsyncEntrypoint, self.parameters.func)(job)\n', 'if self.max_time and (elp := elapsed()) >= self.max_time:\n                        raise errors.MaxTimeExceeded(self.max_time, elp) from e\n', 'if self.max_attempts and attempt >= self.max_attempts:\n                        raise errors.MaxRetriesExceeded(self.max_attempts) from e\n', 'AsyncEntrypoint: TypeAlias = Callable[[models.Job], Awaitable[None]]', 'SyncEntrypoint: TypeAlias = Callable[[models.Job], None]', 'Entrypoint: TypeAlias = AsyncEntrypoint | SyncEntrypoint', 'EntrypointTypeVar = TypeVar(""EntrypointTypeVar"", bound=Entrypoint)', 'AsyncCrontab: TypeAlias = Callable[[models.Schedule], Awaitable[None]]', 'obj = obj.func', 'is_async: bool = dataclasses.field(init=False)', 'self.is_async = is_async_callable(self.parameters.func)', 'max_attempts: int | None = 5  # maximum retry attempts', 'max_delay: float = 10.0  # maximum delay for retry', 'max_time: timedelta | None = timedelta(minutes=5)  # maximum time used on retry', 'initial_delay: float = 0.1  # base delay for backoff', 'backoff_multiplier: float = 2.0  # base for exponential backoff', 'jitter: Callable[[], float] = lambda: random.uniform(0, 1)  # jitter callable', 'attempt = 0', 'attempt += 1', 'if self.max_time and (elp := elapsed()) >= self.max_time:', 'if self.max_attempts and attempt >= self.max_attempts:', '(elp := elapsed())', 'AsyncEntrypoint: TypeAlias = Callable', 'SyncEntrypoint: TypeAlias = Callable', 'Entrypoint: TypeAlias = AsyncEntrypoint', 'AsyncCrontab: TypeAlias = Callable', 'is_async: bool = dataclasses', 'max_delay: float = 10', 'initial_delay: float = 0', 'backoff_multiplier: float = 2', 'initial_delay / 2', 'backoff_multiplier**attempt', 'AsyncEntrypoint | SyncEntrypoint', 'int | None', 'timedelta | None', 'Event\n\n\n@dataclasses', 'EntrypointExecutorParameters\n\n    @abstractmethod', 'Event\n\n\n@dataclasses', 'ScheduleExecutorFactoryParameters\n\n    @abstractmethod', 'class EntrypointExecutorParameters:\n    channel: models.PGChannel\n    concurrency_limit: int\n    connection: db.Driver\n    func: Entrypoint\n    queries: queries.Queries\n    requests_per_second: float\n    retry_timer: timedelta\n    serialized_dispatch: bool\n    shutdown: asyncio.Event\n\n\n@dataclasses.dataclass\nclass AbstractEntrypointExecutor(ABC):\n    """"""\n    Abstract base class for job executors.\n\n    Users can subclass this to create custom job executors.\n    """"""\n\n    parameters: EntrypointExecutorParameters\n\n    @abstractmethod\n    async def execute(self, job: models.Job, context: models.Context) -> None:\n        """"""\n        Execute the given job.\n\n        Args:\n            job (models.Job): The job to execute.\n            context (models.Context): The context for the job.\n        """"""\n\n\n@dataclasses.dataclass\nclass EntrypointExecutor(AbstractEntrypointExecutor):\n    """"""\n    Job executor that wraps an entrypoint function.\n\n    Executes the provided function when processing a job.\n    """"""\n\n    is_async: bool = dataclasses.field(init=False)\n\n    def __post_init__(self) -> None:\n        self.is_async = is_async_callable(self.parameters.func)\n\n    async def execute(self, job: models.Job, context: models.Context) -> None:\n        """"""\n        Execute the job using the wrapped function.\n\n        Args:\n            job (models.Job): The job to execute.\n            context (models.Context): The context for the job.\n        """"""\n        if self.is_async:\n            await cast(AsyncEntrypoint, self.parameters.func)(job)\n        else:\n            await anyio.to_thread.run_sync(cast(SyncEntrypoint, self.parameters.func), job)\n\n\n@dataclasses.dataclass\nclass RetryWithBackoffEntrypointExecutor(EntrypointExecutor):']","['superfunc', 'decaratorfunc', 'decaratorfunc', 'decaratorfunc', 'decaratorfunc', 'decaratorclass', 'decaratorclass', 'decaratorclass', 'decaratorclass', 'decaratorclass', 'decaratorclass', 'decaratorclass', 'whilesimple', 'whilesimple', 'tryexcept', 'simpleclass', 'simpleclass', 'simpleclass', 'simpleclass', 'simpleclass', 'raise', 'raise', 'importfunc', 'importfunc', 'importfunc', 'importfunc', 'importfunc', 'importfunc', 'importfunc', 'importfromsimple', 'importfromsimple', 'simpleattr', 'simpleattr', 'simpleattr', 'assignIncrement', 'simplefunc', 'simplefunc', 'simplefunc', 'return', 'return', 'return', 'return', 'simpleif', 'simpleif', 'simpleif', 'simpleAssign', 'simpleAssign', 'simpleAssign', 'simpleAssign', 'simpleAssign', 'simpleAssign', 'simpleAssign', 'simpleAssign', 'simpleAssign', 'simpleAssign', 'simpleAssign', 'simpleAssign', 'simpleAssign', 'simpleAssign', 'simpleAssign', 'simpleAssign', 'simpleAssign', 'simpleAssign', 'namedExpression', 'annAssign', 'annAssign', 'annAssign', 'annAssign', 'annAssign', 'annAssign', 'annAssign', 'annAssign', 'bidivide', 'power', 'bitOr', 'bitOr', 'bitOr', 'mathMul', 'mathMul', 'mathMul', 'mathMul', 'inheritclass']",39,12,8,10,5,8
janbjorge__pgqueuer__pr2327904675__20251223_042147__141593e576e2e3bbb6616c0a6fb66c5c39065fe5__qm_before,"['@property\n    def', '@dataclasses.dataclass\nclass', 'while processing entrypoint/job-id: %s/%s"",\n                    job.entrypoint,\n                    job.id,\n                )\n                await jbuff.add((job, ""exception""))\n            else:', 'while not self.shutdown.is_set():', 'while not self.shutdown.is_set():', 'while processing entrypoint/job-id:', 'raise RuntimeError(f""{name} already in registry, name must be unique."")', 'raise RuntimeError(f""{name} already in registry, name must be unique."")', 'raise ValueError(""Rate must be float | int."")', 'raise ValueError(""Rate must be greater or eq. to zero."")', 'raise ValueError(""Concurrency limit must be int."")', 'raise ValueError(""Concurrency limit must be greater or eq. to zero."")', 'raise ValueError(""Serialized dispatch must be boolean"")', 'for key, enum in ((""canceled"", self.queries.qbe.settings.queue_status_type),):', 'import annotations\n', 'import asyncio\n', 'import contextlib\n', 'import dataclasses\n', 'import functools\n', 'import sys\n', 'import uuid\n', 'import warnings\n', 'import nullcontext\n', 'import timedelta\n', 'import isfinite\n', 'import anyio\n', 'from __future__ import annotations\n\nimport asyncio\n', 'from contextlib import nullcontext\n', 'from datetime import timedelta\n', 'from math import isfinite\n', 'from typing import AsyncGenerator, Callable\n\nimport anyio\n', 'self.queries = queries.Queries(self.connection)', 'self.entrypoint_registry[name] = executor', 'self.entrypoint_statistics[name] = models.EntrypointStatistics(', 'self.job_context[job.id] = models.Context(cancellation=anyio.CancelScope())', 'def alive(self) -> asyncio.Event:\n', 'def __post_init__(self) -> None:\n', 'def entrypoints_below_capacity_limits(self) -> set[str]:\n', 'def verify_structure(self) -> None:\n', 'return self.shutdown\n', 'return self.job_context[job_id]\n', 'return func\n', 'return register\n', 'return 0.0\n', 'return requests / timespan.total_seconds()\n', 'return below_rps_limit and below_concurrency_limit\n', 'return {\n', 'if name in self.entrypoint_registry:\n            raise RuntimeError(f""{name} already in registry, name must be unique."")\n', 'if executor is not None:\n            warnings.warn(\n', 'if name in self.entrypoint_registry:\n            raise RuntimeError(f""{name} already in registry, name must be unique."")\n', 'if not isinstance(requests_per_second, (float, int)):\n            raise ValueError(""Rate must be float | int."")\n', 'if requests_per_second < 0:\n            raise ValueError(""Rate must be greater or eq. to zero."")\n', 'if not isinstance(concurrency_limit, int):\n            raise ValueError(""Concurrency limit must be int."")\n', 'if concurrency_limit < 0:\n            raise ValueError(""Concurrency limit must be greater or eq. to zero."")\n', 'if not isinstance(serialized_dispatch, bool):\n            raise ValueError(""Serialized dispatch must be boolean"")\n', 'if not samples:\n            return 0.0\n', 'if events:\n            await self.queries.notify_entrypoint_rps(\n', 'if not (await self.queries.has_table(table)):\n                raise RuntimeError(\n', 'if not (await self.queries.has_table(self.queries.qbe.settings.queue_table_log)):\n            raise RuntimeError(\n', 'if not (await self.queries.table_has_column(table, column)):\n                raise RuntimeError(\n', 'if not (await self.queries.has_user_defined_enum(key, enum)):\n                raise RuntimeError(\n', 'if event_task and not event_task.done():\n            event_task.cancel()\n', 'if not shutdown_task.done():\n            shutdown_task.cancel()\n', 'if not ctx.cancellation.cancel_called:\n                    await executor.execute(job, ctx)\n', 'for job in jobs:', 'for job in self.fetch_jobs(batch_size):', 'timespan = helpers.utc_now() - min(t for _, t in samples) + epsilon', 'channel: models.Channel = dataclasses.field(', 'default=models.Channel(qb.DBSettings().channel),', 'shutdown: asyncio.Event = dataclasses.field(', 'init=False,', 'default_factory=asyncio.Event,', 'queries: queries.Queries = dataclasses.field(init=False)', 'entrypoint_registry: dict[str, executors.AbstractEntrypointExecutor] = dataclasses.field(', 'init=False,', 'default_factory=dict,', 'entrypoint_statistics: dict[str, models.EntrypointStatistics] = dataclasses.field(', 'init=False,', 'default_factory=dict,', 'queue_manager_id: uuid.UUID = dataclasses.field(', 'init=False,', 'default_factory=uuid.uuid4,', 'job_context: dict[models.JobId, models.Context] = dataclasses.field(', 'init=False,', 'default_factory=dict,', 'stacklevel=2,', 'self.queries = queries.Queries(self.connection)', 'self.entrypoint_registry[name] = executor', 'self.entrypoint_statistics[name] = models.EntrypointStatistics(', 'samples=deque(maxlen=1_000),', 'concurrency_limiter=asyncio.Semaphore(executor.parameters.concurrency_limit)', 'requests_per_second: float = float(""inf""),', 'concurrency_limit: int = 0,', 'retry_timer: timedelta = timedelta(seconds=0),', 'serialized_dispatch: bool = False,', 'executor: type[executors.AbstractEntrypointExecutor] | None = None,', 'None = None,', 'stacklevel=3,', 'executor_factory = executor_factory or executors.EntrypointExecutor', 'connection=self.connection,', 'channel=self.channel,', 'shutdown=self.shutdown,', 'queries=self.queries,', 'func=func,', 'requests_per_second=requests_per_second,', 'retry_timer=retry_timer,', 'serialized_dispatch=serialized_dispatch,', 'concurrency_limit=concurrency_limit,', 'epsilon: timedelta = timedelta(milliseconds=0.01),', 'samples = self.entrypoint_statistics[entrypoint].samples', 'timespan = helpers.utc_now() - min(t for _, t in samples) + epsilon', 'requests = sum(c for c, _ in samples)', 'below_concurrency_limit = not (', 'c_limiter := self.entrypoint_statistics[entrypoint].concurrency_limiter,', 'retry_after=self.entrypoint_registry[x].parameters.retry_timer,', 'serialized=self.entrypoint_registry[x].parameters.serialized_dispatch,', 'concurrency_limit=self.entrypoint_registry[x].parameters.concurrency_limit,', 'jobs := await self.queries.dequeue(', 'batch_size=batch_size,', 'entrypoints=entrypoints,', 'queue_manager_id=self.queue_manager_id,', 'dequeue_timeout: timedelta = timedelta(seconds=30),', 'batch_size: int = 10,', 'job_status_log_buffer_timeout = timedelta(seconds=0.01)', 'heartbeat_buffer_timeout = helpers.retry_timer_buffer_timeout(', 'max_size=batch_size,', 'timeout=job_status_log_buffer_timeout,', 'callback=self.queries.log_jobs,', 'max_size=sys.maxsize,', 'timeout=heartbeat_buffer_timeout / 2,', 'callback=self.queries.update_heartbeat,', 'max_size=batch_size,', 'timeout=timedelta(seconds=0.01),', 'callback=self.update_rps_stats,', 'notice_event_listener = listeners.PGNoticeEventListener()', 'notice_event_queue=notice_event_listener,', 'statistics=self.entrypoint_statistics,', 'canceled=self.job_context,', 'shutdown_task = asyncio.create_task(self.shutdown.wait())', 'event_task: None | asyncio.Task[None | models.TableChangedEvent] = None', 'self.job_context[job.id] = models.Context(cancellation=anyio.CancelScope())', 'event_task = helpers.wait_for_notice_event(', 'return_when=asyncio.FIRST_COMPLETED,', 'executor = self.entrypoint_registry[job.entrypoint]', 'ctx = self.get_context(job.id)', 'canceled = ctx.cancellation.cancel_called', 'requests_per_second: float = float', 'concurrency_limit: int = 0', 'retry_timer: timedelta = timedelta', 'serialized_dispatch: bool = False', 'epsilon: timedelta = timedelta', 'dequeue_timeout: timedelta = timedelta', 'batch_size: int = 10', 'rate-per', 'user-defined', 'job-id', ' not None', ' not isinstance', ' not isinstance', ' not isinstance', ' not samples', ' not self', ' not self', ' not event_task', ' not shutdown_task', ' not ctx', 'type / value', 'type / value', 'requests / timespan', 'heartbeat_buffer_timeout / 2', 'entrypoint/id', 'entrypoint/job', 'entrypoint/id', 'float | int', 'None | asyncio', 'None | models']","['decaratorfunc', 'decaratorclass', 'whileelse', 'whilesimple', 'whilesimple', 'whilesimple', 'raise', 'raise', 'raise', 'raise', 'raise', 'raise', 'raise', 'forwithtuple', 'importfunc', 'importfunc', 'importfunc', 'importfunc', 'importfunc', 'importfunc', 'importfunc', 'importfunc', 'importfunc', 'importfunc', 'importfunc', 'importfunc', 'importfromsimple', 'importfromsimple', 'importfromsimple', 'importfromsimple', 'importfromsimple', 'simpleattr', 'simpleattr', 'simpleattr', 'simpleattr', 'simplefunc', 'simplefunc', 'simplefunc', 'simplefunc', 'return', 'return', 'return', 'return', 'return', 'return', 'return', 'return', 'simpleif', 'simpleif', 'simpleif', 'simpleif', 'simpleif', 'simpleif', 'simpleif', 'simpleif', 'simpleif', 'simpleif', 'simpleif', 'simpleif', 'simpleif', 'simpleif', 'simpleif', 'simpleif', 'simpleif', 'forsimple', 'forsimple', 'assignwithSum', 'simpleAssign', 'simpleAssign', 'simpleAssign', 'simpleAssign', 'simpleAssign', 'simpleAssign', 'simpleAssign', 'simpleAssign', 'simpleAssign', 'simpleAssign', 'simpleAssign', 'simpleAssign', 'simpleAssign', 'simpleAssign', 'simpleAssign', 'simpleAssign', 'simpleAssign', 'simpleAssign', 'simpleAssign', 'simpleAssign', 'simpleAssign', 'simpleAssign', 'simpleAssign', 'simpleAssign', 'simpleAssign', 'simpleAssign', 'simpleAssign', 'simpleAssign', 'simpleAssign', 'simpleAssign', 'simpleAssign', 'simpleAssign', 'simpleAssign', 'simpleAssign', 'simpleAssign', 'simpleAssign', 'simpleAssign', 'simpleAssign', 'simpleAssign', 'simpleAssign', 'simpleAssign', 'simpleAssign', 'simpleAssign', 'simpleAssign', 'simpleAssign', 'simpleAssign', 'simpleAssign', 'simpleAssign', 'simpleAssign', 'simpleAssign', 'simpleAssign', 'simpleAssign', 'simpleAssign', 'simpleAssign', 'simpleAssign', 'simpleAssign', 'simpleAssign', 'simpleAssign', 'simpleAssign', 'simpleAssign', 'simpleAssign', 'simpleAssign', 'simpleAssign', 'simpleAssign', 'simpleAssign', 'simpleAssign', 'simpleAssign', 'simpleAssign', 'simpleAssign', 'simpleAssign', 'simpleAssign', 'simpleAssign', 'simpleAssign', 'simpleAssign', 'simpleAssign', 'simpleAssign', 'simpleAssign', 'simpleAssign', 'simpleAssign', 'annAssign', 'annAssign', 'annAssign', 'annAssign', 'annAssign', 'annAssign', 'annAssign', 'biSub', 'biSub', 'biSub', 'unaryNot', 'unaryNot', 'unaryNot', 'unaryNot', 'unaryNot', 'unaryNot', 'unaryNot', 'unaryNot', 'unaryNot', 'unaryNot', 'bidivide', 'bidivide', 'bidivide', 'bidivide', 'bidivide', 'bidivide', 'bidivide', 'bitOr', 'bitOr', 'bitOr']",135,22,5,11,2,1
janbjorge__pgqueuer__pr2327904675__20251223_042158__6a94870260760698737ed06eb457b182b6e7f4d5__test_qm_before,"['@pytest.mark.parametrize(""N"", (1, 2, 32))\nasync def', '@c.entrypoint(""fetch"")\n    async def', '@pytest.mark.parametrize(""concurrency"", (1, 2, 3, 4))\nasync def', '@qm.entrypoint(""fetch"")\n        async def', '@pytest.mark.parametrize(""concurrency"", (1, 2, 3, 4))\nasync def', '@qm.entrypoint(""fetch"")\n        def', '@qm.entrypoint(""to_be_picked"")\n    async def', '@qm.entrypoint(""fetch"")\n    async def', 'qmpool = [QueueManager(apgdriver) for _ in range(concurrency)]', 'qmpool = [QueueManager(apgdriver) for _ in range(concurrency)]', 'while sum(x.count for x in await q.queue_size()) > 0:', 'while sum(x.count for x in await q.queue_size() if x.entrypoint == ""to_be_picked""):', 'while sum(x.count for x in await q.queue_size()):', 'assert seen == list(range(N))\n', 'assert sorted(seen) == list(range(N))\n', 'assert sorted(seen) == list(range(N))\n', 'assert pikced_by == [""to_be_picked""] * N\n', 'assert sum(s.count for s in await q.queue_size() if s.entrypoint == ""to_be_picked"") == 0\n', 'assert sum(s.count for s in await q.queue_size() if s.entrypoint == ""not_picked"") == N\n', 'assert len(qmids) == 1\n', 'import asyncio\n', 'import time\n', 'import uuid\n', 'import timedelta\n', 'import pytest\n', 'import db\n', 'import Job\n', 'import QueueManager\n', 'import Queries\n', 'from datetime import timedelta\n\nimport pytest\n', 'from pgqueuer import db\n', 'from pgqueuer.models import Job\n', 'from pgqueuer.qm import QueueManager\n', 'from pgqueuer.queries import Queries\n', 'range(N)', 'range(N))', 'range(concurrency)', 'range(N)', 'range(N))', 'range(concurrency)', 'range(N)', 'range(N))', 'def waiter() -> None:\n', 'def waiter() -> None:\n', 'if x.entrypoint == ""to_be_picked""):\n            await asyncio.sleep(0.01)\n', 'qmpool = [QueueManager(apgdriver) for _ in range(concurrency)]', 'qmpool = [QueueManager(apgdriver) for _ in range(concurrency)]', 'assert pikced_by == [""to_be_picked""]', 'for x in await q.queue_size()) > 0:', 'for qm in qms:', 'for qm in qmpool:', 'for qm in qmpool:', 'for x in await q.queue_size() if x.entrypoint == ""to_be_picked""):', 'for x in await q.queue_size()):', 'c = QueueManager(apgdriver)', 'seen = list[int]()', 'assert seen == list(range(N))', 'q = Queries(apgdriver)', 'seen = list[int]()', 'assert sorted(seen) == list(range(N))', 'q = Queries(apgdriver)', 'seen = list[int]()', 'assert sorted(seen) == list(range(N))', 'N: int = 100,', 'q = Queries(apgdriver)', 'qm = QueueManager(apgdriver)', 'pikced_by = list[str]()', 'qm.run(dequeue_timeout=timedelta(seconds=0.01)),', 'assert sum(s.count for s in await q.queue_size() if s.entrypoint == ""to_be_picked"") == 0', 'assert sum(s.count for s in await q.queue_size() if s.entrypoint == ""not_picked"") == N', 'N: int = 100,', 'q = Queries(apgdriver)', 'qm = QueueManager(apgdriver)', 'qmids = set[uuid.UUID]()', 'qm.run(dequeue_timeout=timedelta(seconds=0.01)),', 'assert len(qmids) == 1', 'None:\n    c = QueueManager', 'None:\n    q = Queries', 'None:\n    q = Queries', 'N: int = 100', 'None:\n    q = Queries', 'N: int = 100', 'None:\n    q = Queries', ' not None', ' not None', ' not None', ' not None', 'CPU/IO']","['decaratorfunc', 'decaratorfunc', 'decaratorfunc', 'decaratorfunc', 'decaratorfunc', 'decaratorfunc', 'decaratorfunc', 'decaratorfunc', 'simpleListComp', 'simpleListComp', 'whilesimple', 'whilesimple', 'whilesimple', 'assert', 'assert', 'assert', 'assert', 'assert', 'assert', 'assert', 'importfunc', 'importfunc', 'importfunc', 'importfunc', 'importfunc', 'importfunc', 'importfunc', 'importfunc', 'importfunc', 'importfromsimple', 'importfromsimple', 'importfromsimple', 'importfromsimple', 'importfromsimple', 'rangefunc', 'rangefunc', 'rangefunc', 'rangefunc', 'rangefunc', 'rangefunc', 'rangefunc', 'rangefunc', 'simplefunc', 'simplefunc', 'simpleif', 'simpleList', 'simpleList', 'simpleList', 'forsimple', 'forsimple', 'forsimple', 'forsimple', 'forsimple', 'forsimple', 'simpleAssign', 'simpleAssign', 'simpleAssign', 'simpleAssign', 'simpleAssign', 'simpleAssign', 'simpleAssign', 'simpleAssign', 'simpleAssign', 'simpleAssign', 'simpleAssign', 'simpleAssign', 'simpleAssign', 'simpleAssign', 'simpleAssign', 'simpleAssign', 'simpleAssign', 'simpleAssign', 'simpleAssign', 'simpleAssign', 'simpleAssign', 'simpleAssign', 'annAssign', 'annAssign', 'annAssign', 'annAssign', 'annAssign', 'annAssign', 'annAssign', 'unaryNot', 'unaryNot', 'unaryNot', 'unaryNot', 'bidivide']",35,33,5,7,8,0
janbjorge__pgqueuer__pr2327904675__20251223_042150__03d3f070e1d63c543d9313194bbfbd9a3a331db3__applications_after,"['@dataclasses.dataclass\nclass', 'import annotations\n', 'import asyncio\n', 'import dataclasses\n', 'import timedelta\n', 'import Callable\n', 'import Driver\n', 'import Channel\n', 'import DBSettings\n', 'import QueueManager\n', 'import SchedulerManager\n', 'import TaskManager\n', 'import QueueExecutionMode\n', 'from __future__ import annotations\n\nimport asyncio\n', 'from datetime import timedelta\n', 'from typing import Callable\n', 'self.qm = QueueManager(self.connection, self.channel)', 'self.sm = SchedulerManager(self.connection)', 'self.qm.shutdown = self.shutdown', 'self.sm.shutdown = self.shutdown', 'def __post_init__(self) -> None:\n', 'return self.qm.entrypoint(\n', 'return self.sm.schedule(\n', 'channel: Channel = dataclasses.field(', 'default=Channel(DBSettings().channel),', 'shutdown: asyncio.Event = dataclasses.field(', 'init=False,', 'default_factory=asyncio.Event,', 'qm: QueueManager = dataclasses.field(', 'init=False,', 'sm: SchedulerManager = dataclasses.field(', 'init=False,', 'self.qm = QueueManager(self.connection, self.channel)', 'self.sm = SchedulerManager(self.connection)', 'self.qm.shutdown = self.shutdown', 'self.sm.shutdown = self.shutdown', 'dequeue_timeout: timedelta = timedelta(seconds=30),', 'batch_size: int = 10,', 'mode: QueueExecutionMode = QueueExecutionMode.continuous,', 'batch_size=batch_size,', 'dequeue_timeout=dequeue_timeout,', 'mode=mode,', 'requests_per_second: float = float(""inf""),', 'concurrency_limit: int = 0,', 'retry_timer: timedelta = timedelta(seconds=0),', 'serialized_dispatch: bool = False,', 'executor: type[AbstractEntrypointExecutor] | None = None,', 'None = None,', 'name=name,', 'requests_per_second=requests_per_second,', 'concurrency_limit=concurrency_limit,', 'retry_timer=retry_timer,', 'serialized_dispatch=serialized_dispatch,', 'executor=executor,', 'executor_factory=executor_factory,', 'executor: type[AbstractScheduleExecutor] | None = None,', 'None = None,', 'entrypoint=entrypoint,', 'expression=expression,', 'executor=executor,', 'executor_factory=executor_factory,', 'channel: Channel = dataclasses', 'qm: QueueManager = dataclasses', 'sm: SchedulerManager = dataclasses', 'dequeue_timeout: timedelta = timedelta', 'batch_size: int = 10', 'mode: QueueExecutionMode = QueueExecutionMode', 'requests_per_second: float = float', 'concurrency_limit: int = 0', 'retry_timer: timedelta = timedelta', 'serialized_dispatch: bool = False', 'QueueExecutionMode\n\n\n@dataclasses']","['decaratorclass', 'importfunc', 'importfunc', 'importfunc', 'importfunc', 'importfunc', 'importfunc', 'importfunc', 'importfunc', 'importfunc', 'importfunc', 'importfunc', 'importfunc', 'importfromsimple', 'importfromsimple', 'importfromsimple', 'simpleattr', 'simpleattr', 'simpleattr', 'simpleattr', 'simplefunc', 'return', 'return', 'simpleAssign', 'simpleAssign', 'simpleAssign', 'simpleAssign', 'simpleAssign', 'simpleAssign', 'simpleAssign', 'simpleAssign', 'simpleAssign', 'simpleAssign', 'simpleAssign', 'simpleAssign', 'simpleAssign', 'simpleAssign', 'simpleAssign', 'simpleAssign', 'simpleAssign', 'simpleAssign', 'simpleAssign', 'simpleAssign', 'simpleAssign', 'simpleAssign', 'simpleAssign', 'simpleAssign', 'simpleAssign', 'simpleAssign', 'simpleAssign', 'simpleAssign', 'simpleAssign', 'simpleAssign', 'simpleAssign', 'simpleAssign', 'simpleAssign', 'simpleAssign', 'simpleAssign', 'simpleAssign', 'simpleAssign', 'simpleAssign', 'annAssign', 'annAssign', 'annAssign', 'annAssign', 'annAssign', 'annAssign', 'annAssign', 'annAssign', 'annAssign', 'annAssign', 'mathMul']",50,13,3,5,0,1
janbjorge__pgqueuer__pr2272633617__20251223_042203__389016aacf1b2ab08bf96cb5bacc2d4b6bad1a27__db_before,"['zip(cols, val)) for val in await cursor.fetchall()', '@property\n    def', '@property\n    def', '@property\n    def', '@property\n    def', '@property\n    def', '@property\n    def', '@functools.cache\ndef', '@property\n    def', '@property\n    def', 'enumerate(args, start=1)', 're.sub(r""\\$(\\d+)"", r""%(parameter_\\1)s"", query)', 'import re\n', 'cols = [col.name for col in description]', 'while not self.shutdown.is_set():', 'from . import tm\n', 'lambda *x: callback(x[-1]),', 'lambda *x: callback(x[-1]),', 'def __aexit__(self, *_: object) -> None:', 'def __aexit__(self, *_: object) -> None:', 'def __aexit__(self, *_: object) -> None:', 'def __aexit__(self, *_: object) -> None:', 'class Driver(Protocol):', 'class AsyncpgDriver(Driver):', 'class AsyncpgPoolDriver(Driver):', 'class PsycopgDriver(Driver):', 'raise RuntimeError(""No description"")', ""    Returns:\n        str: A PostgreSQL DSN string in the format 'postgresql://user:pass"", 'import annotations\n', 'import asyncio\n', 'import functools\n', 'import os\n', 'import re\n', 'import timedelta\n', 'import Self\n', 'import tm\n', 'import asyncpg\n', 'import psycopg\n', 'from __future__ import annotations\n\nimport asyncio\n', 'from datetime import timedelta\n', 'from typing_extensions import Self\n', 'self._shutdown = asyncio.Event()', 'self._connection = connection', 'self._lock = asyncio.Lock()', 'self._shutdown = asyncio.Event()', 'self._pool = pool', 'self._listener_connection: asyncpg.pool.PoolConnectionProxy | None = None', 'self._lock = asyncio.Lock()', 'self._listener_connection = await self._pool.acquire()', 'self._shutdown = asyncio.Event()', 'self._connection = connection', 'self._lock = asyncio.Lock()', 'self._tm = tm.TaskManager()', 'self._notify_stop_after = notify_stop_after', 'self._notify_timeout = notify_timeout', 'def shutdown(self) -> asyncio.Event:\n', 'def tm(self) -> tm.TaskManager:\n', 'def __aenter__(self) -> Self:\n', 'def shutdown(self) -> asyncio.Event:\n', 'def tm(self) -> tm.TaskManager:\n', 'def __aenter__(self) -> Self:\n', 'def shutdown(self) -> asyncio.Event:\n', 'def tm(self) -> tm.TaskManager:\n', 'def __aenter__(self) -> Self:\n', 'def shutdown(self) -> asyncio.Event:\n', 'def tm(self) -> tm.TaskManager:\n', 'def notify_handler() -> None:\n', 'def __aenter__(self) -> Self:\n', 'return f""postgresql://{user}:{password}@{host}:{port}/{database}""\n', 'return the status message.\n', 'return [dict(x) for x in await self._connection.fetch(query, *args)]\n', 'return await self._connection.execute(query, *args)\n', 'return self._shutdown\n', 'return tm.TaskManager()\n', 'return self\n', 'return [dict(x) for x in await self._pool.fetch(query, *args)]\n', 'return await self._pool.execute(query, *args)\n', 'return self._shutdown\n', 'return tm.TaskManager()\n', 'return self\n', 'return re.sub(r""\\$(\\d+)"", r""%(parameter_\\1)s"", query)\n', 'return {f""parameter_{n}"": arg for n, arg in enumerate(args, start=1)}\n', 'return self._shutdown\n', 'return self._tm\n', 'return [dict(zip(cols, val)) for val in await cursor.fetchall()]\n', 'return (\n', 'return self\n', 'if TYPE_CHECKING:\n    import asyncpg\n', 'if self._pool.get_max_size() < 2:\n            raise RuntimeError(\n', 'if self._listener_connection is None:\n                self._listener_connection = await self._pool.acquire()\n', 'if self._listener_connection is not None:\n            await self._listener_connection.reset()\n', 'if not (description := cursor.description):\n            raise RuntimeError(""No description"")\n', 'if not self._connection.autocommit:\n            raise RuntimeError(\n', 'if not self.shutdown.is_set():\n                            callback(note.payload)\n', 'cols = [col.name for col in description]', 'for note in gen:', 'host = host or os.getenv(""PGHOST"", """")', 'user = user or os.getenv(""PGUSER"", """")', 'password = password or os.getenv(""PGPASSWORD"", """")', 'database = database or os.getenv(""PGDATABASE"", """")', 'port = port or os.getenv(""PGPORT"", """")', 'self._shutdown = asyncio.Event()', 'self._connection = connection', 'self._lock = asyncio.Lock()', 'self._shutdown = asyncio.Event()', 'self._pool = pool', 'self._listener_connection: asyncpg.pool.PoolConnectionProxy | None = None', 'self._lock = asyncio.Lock()', 'self._listener_connection = await self._pool.acquire()', 'return {f""parameter_{n}"": arg for n, arg in enumerate(args, start=1)}', 'notify_timeout: timedelta = timedelta(seconds=0.25),', 'notify_stop_after: int = 10,', 'self._shutdown = asyncio.Event()', 'self._connection = connection', 'self._lock = asyncio.Lock()', 'self._tm = tm.TaskManager()', 'self._notify_stop_after = notify_stop_after', 'self._notify_timeout = notify_timeout', 'cursor = await self._connection.execute(', 'if not (description := cursor.description):', 'configured with autocommit=True.""', 'gen = self._connection.notifies(', 'timeout=self._notify_timeout.total_seconds(),', 'stop_after=self._notify_stop_after,', 'name=f""notify_psycopg_handler_{channel}"",', '(description := cursor.description)', 'notify_timeout: timedelta = timedelta', 'notify_stop_after: int = 10', ' not specified', ' not None', ' not self', ' not self', ' not self', 'port/database', 'LISTEN/NOTIFY', 'str | bytes', 'str | bytes', 'str | bytes', 'PoolConnectionProxy | None', 'str | bytes', 'str | bytes', 'password@host', 'NotImplementedError\n\n    @property', 'NotImplementedError\n\n    @property', '_shutdown\n\n    @property', '_shutdown\n\n    @property', 'notify_timeout\n\n    @property', '_shutdown\n\n    @property', 'class Driver(Protocol):\n    """"""\n    Protocol defining the essential database operations for drivers.\n\n    The `Driver` protocol specifies the methods that a database driver must implement\n    to be compatible with the system. This includes methods for fetching records,\n    executing queries, adding listeners for notifications, and managing the driver\'s lifecycle.\n    """"""\n\n    async def fetch(\n        self,\n        query: str,\n        *args: Any,\n    ) -> list[dict]:\n        """"""\n        Fetch multiple records from the database.\n\n        Args:\n            query (str): The SQL query to execute.\n            *args (Any): Positional arguments to substitute into the query.\n\n        Returns:\n            list[dict]: A list of dictionaries representing the fetched records.\n        """"""\n        raise NotImplementedError\n\n    async def execute(\n        self,\n        query: str,\n        *args: Any,\n    ) -> str:\n        """"""\n        Execute a SQL query and return the status message.\n\n        Args:\n            query (str): The SQL query to execute.\n            *args (Any): Positional arguments to substitute into the query.\n\n        Returns:\n            str: The status message returned by the database after execution.\n        """"""\n        raise NotImplementedError\n\n    async def add_listener(\n        self,\n        channel: str,\n        callback: Callable[[str | bytes | bytearray], None],\n    ) -> None:\n        """"""\n        Add a listener for a PostgreSQL NOTIFY channel.\n\n        Registers a callback function to be called whenever a notification is received\n        on the specified channel.\n\n        Args:\n            channel (str): The name of the PostgreSQL channel to listen on.\n            callback (Callable[[str | bytes | bytearray], None]): The function to call when a\n                notification is received.\n        """"""\n        raise NotImplementedError\n\n    @property\n    def shutdown(self) -> asyncio.Event:\n        """"""\n        An asyncio.Event indicating the liveness of the driver.\n\n        This event can be used to signal when the driver is shutting down or no longer active.\n        """"""\n        raise NotImplementedError\n\n    @property\n    def tm(self) -> tm.TaskManager:\n        """"""\n        TaskManager instance for managing background tasks.\n\n        Provides a way to manage and await background tasks associated with the driver.\n        """"""\n        raise NotImplementedError\n\n    async def __aenter__(self) -> Self:\n        """"""\n        Enter the runtime context related to this object.\n\n        Returns:\n            Self: Returns self to allow the driver to be used as an asynchronous context manager.\n        """"""\n        raise NotImplementedError\n\n    async def __aexit__(self, *_: object) -> None:\n        """"""\n        Exit the runtime context and perform cleanup actions.\n\n        Args:\n            *_ (object): Ignored arguments.\n        """"""\n        raise NotImplementedError\n\n\nclass AsyncpgDriver(Driver):\n    """"""\n    AsyncPG implementation of the `Driver` protocol.\n\n    This driver uses an AsyncPG connection to perform asynchronous database operations\n    such as fetching records, executing queries, and listening for notifications.\n    It ensures thread safety using an asyncio.Lock.\n    """"""\n\n    def __init__(\n        self,\n        connection: asyncpg.Connection,\n    ) -> None:\n        """"""Initialize the driver with an AsyncPG connection.""""""\n        self._shutdown = asyncio.Event()\n        self._connection = connection\n        self._lock = asyncio.Lock()\n\n    async def fetch(\n        self,\n        query: str,\n        *args: Any,\n    ) -> list[dict]:\n        async with self._lock:\n            return [dict(x) for x in await self._connection.fetch(query, *args)]\n\n    async def execute(\n        self,\n        query: str,\n        *args: Any,\n    ) -> str:\n        async with self._lock:\n            return await self._connection.execute(query, *args)\n\n    async def add_listener(\n        self,\n        channel: str,\n        callback: Callable[[str | bytes | bytearray], None],\n    ) -> None:\n        async with self._lock:\n            await self._connection.add_listener(\n                channel,\n                lambda *x: callback(x[-1]),\n            )\n\n    @property\n    def shutdown(self) -> asyncio.Event:\n        return self._shutdown\n\n    @property\n    def tm(self) -> tm.TaskManager:\n        return tm.TaskManager()\n\n    async def __aenter__(self) -> Self:\n        return self\n\n    async def __aexit__(self, *_: object) -> None: ...\n\n\nclass AsyncpgPoolDriver(Driver):\n    """"""\n    Implements the Driver protocol using AsyncPGPool for PostgreSQL database operations.\n\n    This class manages asynchronous database operations using a connection pool.\n    It ensures thread safety through query locking and supports PostgreSQL LISTEN/NOTIFY\n    functionality with dedicated listeners.\n    """"""\n\n    def __init__(\n        self,\n        pool: asyncpg.Pool,\n    ) -> None:\n        """"""\n        Initialize the AsyncpgPoolDriver with a connection pool.\n        """"""\n        self._shutdown = asyncio.Event()\n        self._pool = pool\n        self._listener_connection: asyncpg.pool.PoolConnectionProxy | None = None\n        self._lock = asyncio.Lock()\n        if self._pool.get_max_size() < 2:\n            raise RuntimeError(\n                ""Pool max size must be greater than 2 to ensure connections are available.""\n            )\n\n    async def fetch(\n        self,\n        query: str,\n        *args: Any,\n    ) -> list[dict]:\n        return [dict(x) for x in await self._pool.fetch(query, *args)]\n\n    async def execute(\n        self,\n        query: str,\n        *args: Any,\n    ) -> str:\n        return await self._pool.execute(query, *args)\n\n    async def add_listener(\n        self,\n        channel: str,\n        callback: Callable[[str | bytes | bytearray], None],\n    ) -> None:\n        """"""Add a database listener with locking to manage concurrency.""""""\n        async with self._lock:\n            if self._listener_connection is None:\n                self._listener_connection = await self._pool.acquire()\n\n            await self._listener_connection.add_listener(\n                channel,\n                lambda *x: callback(x[-1]),\n            )\n\n    @property\n    def shutdown(self) -> asyncio.Event:\n        return self._shutdown\n\n    @property\n    def tm(self) -> tm.TaskManager:\n        return tm.TaskManager()\n\n    async def __aenter__(self) -> Self:\n        return self\n\n    async def __aexit__(self, *_: object) -> None:\n        if self._listener_connection is not None:\n            await self._listener_connection.reset()\n            await self._pool.release(self._listener_connection)\n\n\n@functools.cache\ndef _replace_dollar_named_parameter(query: str) -> str:\n    """"""\n    Replace positional parameters in a SQL query with named parameters.\n\n    This function replaces all occurrences of $1, $2, etc., in the provided SQL query\n    string with named parameters of the form %(parameter_1)s, which is compatible with\n    Psycopg\'s named parameter syntax.\n\n    Args:\n        query (str): The SQL query string containing positional parameters.\n\n    Returns:\n        str: The modified SQL query string with named parameters.\n    """"""\n    return re.sub(r""\\$(\\d+)"", r""%(parameter_\\1)s"", query)\n\n\ndef _named_parameter(args: tuple) -> dict[str, Any]:\n    """"""\n    Convert positional arguments into a dictionary of named parameters.\n\n    Creates a dictionary mapping parameter names like \'parameter_1\', \'parameter_2\', etc.,\n    to the provided positional arguments. This is used for parameter substitution in SQL queries.\n\n    Args:\n        args (tuple): A tuple of positional arguments.\n\n    Returns:\n        dict[str, Any]: A dictionary mapping parameter names to their corresponding values.\n    """"""\n    return {f""parameter_{n}"": arg for n, arg in enumerate(args, start=1)}\n\n\nclass PsycopgDriver(Driver):']","['zip', 'decaratorfunc', 'decaratorfunc', 'decaratorfunc', 'decaratorfunc', 'decaratorfunc', 'decaratorfunc', 'decaratorfunc', 'decaratorfunc', 'decaratorfunc', 'enumfunc', 're', 'importre', 'simpleListComp', 'whilesimple', 'fromrelative', 'lambda', 'lambda', 'funcwithstar', 'funcwithstar', 'funcwithstar', 'funcwithstar', 'simpleclass', 'simpleclass', 'simpleclass', 'simpleclass', 'raise', 'pass', 'importfunc', 'importfunc', 'importfunc', 'importfunc', 'importfunc', 'importfunc', 'importfunc', 'importfunc', 'importfunc', 'importfunc', 'importfromsimple', 'importfromsimple', 'importfromsimple', 'simpleattr', 'simpleattr', 'simpleattr', 'simpleattr', 'simpleattr', 'simpleattr', 'simpleattr', 'simpleattr', 'simpleattr', 'simpleattr', 'simpleattr', 'simpleattr', 'simpleattr', 'simpleattr', 'simplefunc', 'simplefunc', 'simplefunc', 'simplefunc', 'simplefunc', 'simplefunc', 'simplefunc', 'simplefunc', 'simplefunc', 'simplefunc', 'simplefunc', 'simplefunc', 'simplefunc', 'return', 'return', 'return', 'return', 'return', 'return', 'return', 'return', 'return', 'return', 'return', 'return', 'return', 'return', 'return', 'return', 'return', 'return', 'return', 'simpleif', 'simpleif', 'simpleif', 'simpleif', 'simpleif', 'simpleif', 'simpleif', 'simpleList', 'forsimple', 'simpleAssign', 'simpleAssign', 'simpleAssign', 'simpleAssign', 'simpleAssign', 'simpleAssign', 'simpleAssign', 'simpleAssign', 'simpleAssign', 'simpleAssign', 'simpleAssign', 'simpleAssign', 'simpleAssign', 'simpleAssign', 'simpleAssign', 'simpleAssign', 'simpleAssign', 'simpleAssign', 'simpleAssign', 'simpleAssign', 'simpleAssign', 'simpleAssign', 'simpleAssign', 'simpleAssign', 'simpleAssign', 'simpleAssign', 'simpleAssign', 'simpleAssign', 'simpleAssign', 'namedExpression', 'annAssign', 'annAssign', 'unaryNot', 'unaryNot', 'unaryNot', 'unaryNot', 'unaryNot', 'bidivide', 'bidivide', 'bitOr', 'bitOr', 'bitOr', 'bitOr', 'bitOr', 'bitOr', 'mathMul', 'mathMul', 'mathMul', 'mathMul', 'mathMul', 'mathMul', 'mathMul', 'inheritclass']",70,28,16,23,10,2
janbjorge__pgqueuer__pr2327904675__20251223_042153__03d3f070e1d63c543d9313194bbfbd9a3a331db3__qm_before,"['@property\n    def', '@dataclasses.dataclass\nclass', 'while processing entrypoint/job-id: %s/%s"",\n                    job.entrypoint,\n                    job.id,\n                )\n                await jbuff.add((job, ""exception""))\n            else:', 'while not self.shutdown.is_set():', 'while not self.shutdown.is_set():', 'while processing entrypoint/job-id:', 'raise RuntimeError(f""{name} already in registry, name must be unique."")', 'raise RuntimeError(f""{name} already in registry, name must be unique."")', 'raise ValueError(""Rate must be float | int."")', 'raise ValueError(""Rate must be greater or eq. to zero."")', 'raise ValueError(""Concurrency limit must be int."")', 'raise ValueError(""Concurrency limit must be greater or eq. to zero."")', 'raise ValueError(""Serialized dispatch must be boolean"")', 'for key, enum in ((""canceled"", self.queries.qbe.settings.queue_status_type),):', 'import annotations\n', 'import asyncio\n', 'import contextlib\n', 'import dataclasses\n', 'import functools\n', 'import sys\n', 'import uuid\n', 'import warnings\n', 'import nullcontext\n', 'import timedelta\n', 'import isfinite\n', 'import anyio\n', 'from __future__ import annotations\n\nimport asyncio\n', 'from contextlib import nullcontext\n', 'from datetime import timedelta\n', 'from math import isfinite\n', 'from typing import AsyncGenerator, Callable\n\nimport anyio\n', 'self.queries = queries.Queries(self.connection)', 'self.entrypoint_registry[name] = executor', 'self.entrypoint_statistics[name] = models.EntrypointStatistics(', 'self.job_context[job.id] = models.Context(cancellation=anyio.CancelScope())', 'def alive(self) -> asyncio.Event:\n', 'def __post_init__(self) -> None:\n', 'def entrypoints_below_capacity_limits(self) -> set[str]:\n', 'def verify_structure(self) -> None:\n', 'return self.shutdown\n', 'return self.job_context[job_id]\n', 'return func\n', 'return register\n', 'return 0.0\n', 'return requests / timespan.total_seconds()\n', 'return below_rps_limit and below_concurrency_limit\n', 'return {\n', 'if name in self.entrypoint_registry:\n            raise RuntimeError(f""{name} already in registry, name must be unique."")\n', 'if executor is not None:\n            warnings.warn(\n', 'if name in self.entrypoint_registry:\n            raise RuntimeError(f""{name} already in registry, name must be unique."")\n', 'if not isinstance(requests_per_second, (float, int)):\n            raise ValueError(""Rate must be float | int."")\n', 'if requests_per_second < 0:\n            raise ValueError(""Rate must be greater or eq. to zero."")\n', 'if not isinstance(concurrency_limit, int):\n            raise ValueError(""Concurrency limit must be int."")\n', 'if concurrency_limit < 0:\n            raise ValueError(""Concurrency limit must be greater or eq. to zero."")\n', 'if not isinstance(serialized_dispatch, bool):\n            raise ValueError(""Serialized dispatch must be boolean"")\n', 'if not samples:\n            return 0.0\n', 'if events:\n            await self.queries.notify_entrypoint_rps(\n', 'if not (await self.queries.has_table(table)):\n                raise RuntimeError(\n', 'if not (await self.queries.has_table(self.queries.qbe.settings.queue_table_log)):\n            raise RuntimeError(\n', 'if not (await self.queries.table_has_column(table, column)):\n                raise RuntimeError(\n', 'if not (await self.queries.has_user_defined_enum(key, enum)):\n                raise RuntimeError(\n', 'if burst_mode:\n                    self.shutdown.set()\n', 'if event_task and not event_task.done():\n            event_task.cancel()\n', 'if not shutdown_task.done():\n            shutdown_task.cancel()\n', 'if not ctx.cancellation.cancel_called:\n                    await executor.execute(job, ctx)\n', 'for job in jobs:', 'for job in self.fetch_jobs(batch_size):', 'timespan = helpers.utc_now() - min(t for _, t in samples) + epsilon', 'channel: models.Channel = dataclasses.field(', 'default=models.Channel(qb.DBSettings().channel),', 'shutdown: asyncio.Event = dataclasses.field(', 'init=False,', 'default_factory=asyncio.Event,', 'queries: queries.Queries = dataclasses.field(init=False)', 'entrypoint_registry: dict[str, executors.AbstractEntrypointExecutor] = dataclasses.field(', 'init=False,', 'default_factory=dict,', 'entrypoint_statistics: dict[str, models.EntrypointStatistics] = dataclasses.field(', 'init=False,', 'default_factory=dict,', 'queue_manager_id: uuid.UUID = dataclasses.field(', 'init=False,', 'default_factory=uuid.uuid4,', 'job_context: dict[models.JobId, models.Context] = dataclasses.field(', 'init=False,', 'default_factory=dict,', 'stacklevel=2,', 'self.queries = queries.Queries(self.connection)', 'self.entrypoint_registry[name] = executor', 'self.entrypoint_statistics[name] = models.EntrypointStatistics(', 'samples=deque(maxlen=1_000),', 'concurrency_limiter=asyncio.Semaphore(executor.parameters.concurrency_limit)', 'requests_per_second: float = float(""inf""),', 'concurrency_limit: int = 0,', 'retry_timer: timedelta = timedelta(seconds=0),', 'serialized_dispatch: bool = False,', 'executor: type[executors.AbstractEntrypointExecutor] | None = None,', 'None = None,', 'stacklevel=3,', 'executor_factory = executor_factory or executors.EntrypointExecutor', 'connection=self.connection,', 'channel=self.channel,', 'shutdown=self.shutdown,', 'queries=self.queries,', 'func=func,', 'requests_per_second=requests_per_second,', 'retry_timer=retry_timer,', 'serialized_dispatch=serialized_dispatch,', 'concurrency_limit=concurrency_limit,', 'epsilon: timedelta = timedelta(milliseconds=0.01),', 'samples = self.entrypoint_statistics[entrypoint].samples', 'timespan = helpers.utc_now() - min(t for _, t in samples) + epsilon', 'requests = sum(c for c, _ in samples)', 'below_concurrency_limit = not (', 'c_limiter := self.entrypoint_statistics[entrypoint].concurrency_limiter,', 'retry_after=self.entrypoint_registry[x].parameters.retry_timer,', 'serialized=self.entrypoint_registry[x].parameters.serialized_dispatch,', 'concurrency_limit=self.entrypoint_registry[x].parameters.concurrency_limit,', 'jobs := await self.queries.dequeue(', 'batch_size=batch_size,', 'entrypoints=entrypoints,', 'queue_manager_id=self.queue_manager_id,', 'dequeue_timeout: timedelta = timedelta(seconds=30),', 'batch_size: int = 10,', 'burst_mode: bool = False,', 'job_status_log_buffer_timeout = timedelta(seconds=0.01)', 'heartbeat_buffer_timeout = helpers.retry_timer_buffer_timeout(', 'max_size=batch_size,', 'timeout=job_status_log_buffer_timeout,', 'callback=self.queries.log_jobs,', 'max_size=sys.maxsize,', 'timeout=heartbeat_buffer_timeout / 2,', 'callback=self.queries.update_heartbeat,', 'max_size=batch_size,', 'timeout=timedelta(seconds=0.01),', 'callback=self.update_rps_stats,', 'notice_event_listener = listeners.PGNoticeEventListener()', 'notice_event_queue=notice_event_listener,', 'statistics=self.entrypoint_statistics,', 'canceled=self.job_context,', 'shutdown_task = asyncio.create_task(self.shutdown.wait())', 'event_task: None | asyncio.Task[None | models.TableChangedEvent] = None', 'self.job_context[job.id] = models.Context(cancellation=anyio.CancelScope())', 'event_task = helpers.wait_for_notice_event(', 'return_when=asyncio.FIRST_COMPLETED,', 'executor = self.entrypoint_registry[job.entrypoint]', 'ctx = self.get_context(job.id)', 'canceled = ctx.cancellation.cancel_called', 'requests_per_second: float = float', 'concurrency_limit: int = 0', 'retry_timer: timedelta = timedelta', 'serialized_dispatch: bool = False', 'epsilon: timedelta = timedelta', 'dequeue_timeout: timedelta = timedelta', 'batch_size: int = 10', 'burst_mode: bool = False', 'rate-per', 'user-defined', 'job-id', ' not None', ' not isinstance', ' not isinstance', ' not isinstance', ' not samples', ' not self', ' not self', ' not event_task', ' not shutdown_task', ' not ctx', 'type / value', 'type / value', 'requests / timespan', 'heartbeat_buffer_timeout / 2', 'entrypoint/id', 'entrypoint/job', 'entrypoint/id', 'float | int', 'None | asyncio', 'None | models']","['decaratorfunc', 'decaratorclass', 'whileelse', 'whilesimple', 'whilesimple', 'whilesimple', 'raise', 'raise', 'raise', 'raise', 'raise', 'raise', 'raise', 'forwithtuple', 'importfunc', 'importfunc', 'importfunc', 'importfunc', 'importfunc', 'importfunc', 'importfunc', 'importfunc', 'importfunc', 'importfunc', 'importfunc', 'importfunc', 'importfromsimple', 'importfromsimple', 'importfromsimple', 'importfromsimple', 'importfromsimple', 'simpleattr', 'simpleattr', 'simpleattr', 'simpleattr', 'simplefunc', 'simplefunc', 'simplefunc', 'simplefunc', 'return', 'return', 'return', 'return', 'return', 'return', 'return', 'return', 'simpleif', 'simpleif', 'simpleif', 'simpleif', 'simpleif', 'simpleif', 'simpleif', 'simpleif', 'simpleif', 'simpleif', 'simpleif', 'simpleif', 'simpleif', 'simpleif', 'simpleif', 'simpleif', 'simpleif', 'simpleif', 'forsimple', 'forsimple', 'assignwithSum', 'simpleAssign', 'simpleAssign', 'simpleAssign', 'simpleAssign', 'simpleAssign', 'simpleAssign', 'simpleAssign', 'simpleAssign', 'simpleAssign', 'simpleAssign', 'simpleAssign', 'simpleAssign', 'simpleAssign', 'simpleAssign', 'simpleAssign', 'simpleAssign', 'simpleAssign', 'simpleAssign', 'simpleAssign', 'simpleAssign', 'simpleAssign', 'simpleAssign', 'simpleAssign', 'simpleAssign', 'simpleAssign', 'simpleAssign', 'simpleAssign', 'simpleAssign', 'simpleAssign', 'simpleAssign', 'simpleAssign', 'simpleAssign', 'simpleAssign', 'simpleAssign', 'simpleAssign', 'simpleAssign', 'simpleAssign', 'simpleAssign', 'simpleAssign', 'simpleAssign', 'simpleAssign', 'simpleAssign', 'simpleAssign', 'simpleAssign', 'simpleAssign', 'simpleAssign', 'simpleAssign', 'simpleAssign', 'simpleAssign', 'simpleAssign', 'simpleAssign', 'simpleAssign', 'simpleAssign', 'simpleAssign', 'simpleAssign', 'simpleAssign', 'simpleAssign', 'simpleAssign', 'simpleAssign', 'simpleAssign', 'simpleAssign', 'simpleAssign', 'simpleAssign', 'simpleAssign', 'simpleAssign', 'simpleAssign', 'simpleAssign', 'simpleAssign', 'simpleAssign', 'simpleAssign', 'simpleAssign', 'simpleAssign', 'simpleAssign', 'simpleAssign', 'simpleAssign', 'simpleAssign', 'simpleAssign', 'simpleAssign', 'simpleAssign', 'simpleAssign', 'annAssign', 'annAssign', 'annAssign', 'annAssign', 'annAssign', 'annAssign', 'annAssign', 'annAssign', 'biSub', 'biSub', 'biSub', 'unaryNot', 'unaryNot', 'unaryNot', 'unaryNot', 'unaryNot', 'unaryNot', 'unaryNot', 'unaryNot', 'unaryNot', 'unaryNot', 'bidivide', 'bidivide', 'bidivide', 'bidivide', 'bidivide', 'bidivide', 'bidivide', 'bitOr', 'bitOr', 'bitOr']",138,22,5,11,2,1
janbjorge__pgqueuer__pr2508896643__20251223_042140__640f9992554bafcc2cb61b104fbf0711787a33ca__fastapi_usage_after,"['@asynccontextmanager\n    async def', '@app.get(""/reset_password_email"")\n    async def', '@app.post(""/enqueue"")\n    async def', '@app.get(""/queue-size"")\n    async def', 'if __name__ == ""__main__"":', '    ) -> Response:\n        """"""Enqueue a job to reset a user\'s pass', 'import json\n', 'import asynccontextmanager\n', 'import AsyncGenerator\n', 'import asyncpg\n', 'import AsyncpgPoolDriver\n', 'import Queries\n', 'import uvicorn\n', 'from contextlib import asynccontextmanager\n', 'from typing import AsyncGenerator\n\nimport asyncpg\n', 'from pgqueuer.db import AsyncpgPoolDriver\n', 'from pgqueuer.queries import Queries\n', 'def create_app() -> FastAPI:\n', 'return request.app.extra[""pgq_queries""]\n', 'return Response(status_code=201)\n', 'return {""job_ids"": ids}\n', 'return [\n', 'return app\n', 'if __name__ == ""__main__"":\n    import uvicorn\n', 'app.extra[""pgq_queries""] = Queries(AsyncpgPoolDriver(pool))', 'app = FastAPI(lifespan=lifespan)', 'queries: Queries = Depends(get_pgq_queries),', 'payload=json.dumps({""user_name"": user_name}).encode(),', 'return Response(status_code=201)', 'priority: int = 0,', 'queries: Queries = Depends(get_pgq_queries),', 'ids = await queries.enqueue(entrypoint, payload.encode(), priority)', 'queries: Queries = Depends(get_pgq_queries),', 'stats = await queries.queue_size()', 'queries: Queries = Depends', 'priority: int = 0', 'queries: Queries = Depends', 'dict:\n        ids = await', 'queries: Queries = Depends', 'list:\n        stats = await', 'queue-size']","['decaratorfunc', 'decaratorfunc', 'decaratorfunc', 'decaratorfunc', '__name__', 'pass', 'importfunc', 'importfunc', 'importfunc', 'importfunc', 'importfunc', 'importfunc', 'importfunc', 'importfromsimple', 'importfromsimple', 'importfromsimple', 'importfromsimple', 'simplefunc', 'return', 'return', 'return', 'return', 'return', 'simpleif', 'simpleAssign', 'simpleAssign', 'simpleAssign', 'simpleAssign', 'simpleAssign', 'simpleAssign', 'simpleAssign', 'simpleAssign', 'simpleAssign', 'simpleAssign', 'annAssign', 'annAssign', 'annAssign', 'annAssign', 'annAssign', 'annAssign', 'biSub']",23,8,5,0,5,0
janbjorge__pgqueuer__pr2281573752__20251223_042141__6dfa62934b730952a832cc78db51655e37ad3899__executors_after,"['super().execute(job, context)', '@overload\ndef', '@overload\ndef', '@abstractmethod\n    async def', '@abstractmethod\n    async def', '@dataclasses.dataclass\nclass', '@dataclasses.dataclass\nclass', '@dataclasses.dataclass\nclass', '@dataclasses.dataclass\nclass', '@dataclasses.dataclass\nclass', '@dataclasses.dataclass\nclass', '@dataclasses.dataclass\nclass', 'while isinstance(obj, functools.partial):', 'while True:', 'try:\n            async with async_timeout.timeout(deadline):\n                while True:\n                    try:\n                        ', 'try:\n            async with async_timeout.timeout(deadline):\n                while True:\n                    try:\n                        return await super().execute(job, context)\n                    except Exception as e:', 'class\nclass AbstractEntrypointExecutor(ABC):', 'class\nclass EntrypointExecutor(AbstractEntrypointExecutor):', 'class\nclass RetryWithBackoffEntrypointExecutor(EntrypointExecutor):', 'class\nclass AbstractScheduleExecutor(ABC):', 'class\nclass ScheduleExecutor(AbstractScheduleExecutor):', 'raise errors.MaxRetriesExceeded(self.max_attempts)', 'raise errors.MaxTimeExceeded(self.max_time)', 'import annotations\n', 'import asyncio\n', 'import dataclasses\n', 'import functools\n', 'import random\n', 'import anyio\n', 'import async_timeout\n', 'import croniter\n', 'from __future__ import annotations\n\nimport asyncio\n', 'from croniter import croniter\n', 'self.is_async = is_async_callable(self.parameters.func)', 'self.max_attempts and attempt >= self.max_attempts:', 'attempt += 1', 'def __post_init__(self) -> None:\n', 'def get_next(self) -> datetime:\n', 'def next_in(self) -> timedelta:\n', 'return asyncio.iscoroutinefunction(obj) or (\n', 'return delay + jitter\n', 'return await super().execute(job, context)\n', 'return datetime.fromtimestamp(\n', 'return self.get_next() - helpers.utc_now()\n', 'if self.is_async:\n            await cast(AsyncEntrypoint, self.parameters.func)(job)\n', 'if self.max_attempts and attempt >= self.max_attempts:\n                            raise errors.MaxRetriesExceeded(self.max_attempts) from e\n', 'AsyncEntrypoint: TypeAlias = Callable[[models.Job], Awaitable[None]]', 'SyncEntrypoint: TypeAlias = Callable[[models.Job], None]', 'Entrypoint: TypeAlias = AsyncEntrypoint | SyncEntrypoint', 'EntrypointTypeVar = TypeVar(""EntrypointTypeVar"", bound=Entrypoint)', 'AsyncCrontab: TypeAlias = Callable[[models.Schedule], Awaitable[None]]', 'obj = obj.func', 'is_async: bool = dataclasses.field(init=False)', 'self.is_async = is_async_callable(self.parameters.func)', 'max_attempts: int | None = dataclasses.field(', 'default=5,', 'max_delay: float = dataclasses.field(', 'default=10.0,', 'max_time: timedelta | None = dataclasses.field(', 'default=timedelta(minutes=5),', 'initial_delay: float = dataclasses.field(', 'default=0.1,', 'backoff_multiplier: float = dataclasses.field(', 'default=2.0,', 'jitter: Callable[[], float] = dataclasses.field(', 'default=lambda: random.uniform(0, 1),', 'delay = self.initial_delay * (self.backoff_multiplier**attempt) / 2', 'jitter = self.jitter() * self.initial_delay / 2', 'attempt = 0', 'deadline = None if self.max_time is None else self.max_time.total_seconds()', 'attempt += 1', 'if self.max_attempts and attempt >= self.max_attempts:', 'AsyncEntrypoint: TypeAlias = Callable', 'SyncEntrypoint: TypeAlias = Callable', 'Entrypoint: TypeAlias = AsyncEntrypoint', 'AsyncCrontab: TypeAlias = Callable', 'is_async: bool = dataclasses', 'max_delay: float = dataclasses', 'initial_delay: float = dataclasses', 'backoff_multiplier: float = dataclasses', 'float:\n        delay = self', 'initial_delay / 2', 'backoff_multiplier**attempt', 'AsyncEntrypoint | SyncEntrypoint', 'int | None', 'timedelta | None', 'Event\n\n\n@dataclasses', 'EntrypointExecutorParameters\n\n    @abstractmethod', 'Event\n\n\n@dataclasses', 'ScheduleExecutorFactoryParameters\n\n    @abstractmethod', 'class EntrypointExecutorParameters:\n    channel: models.PGChannel\n    concurrency_limit: int\n    connection: db.Driver\n    func: Entrypoint\n    queries: queries.Queries\n    requests_per_second: float\n    retry_timer: timedelta\n    serialized_dispatch: bool\n    shutdown: asyncio.Event\n\n\n@dataclasses.dataclass\nclass AbstractEntrypointExecutor(ABC):\n    """"""\n    Abstract base class for job executors.\n\n    Users can subclass this to create custom job executors.\n    """"""\n\n    parameters: EntrypointExecutorParameters\n\n    @abstractmethod\n    async def execute(self, job: models.Job, context: models.Context) -> None:\n        """"""\n        Execute the given job.\n\n        Args:\n            job (models.Job): The job to execute.\n            context (models.Context): The context for the job.\n        """"""\n\n\n@dataclasses.dataclass\nclass EntrypointExecutor(AbstractEntrypointExecutor):\n    """"""\n    Job executor that wraps an entrypoint function.\n\n    Executes the provided function when processing a job.\n    """"""\n\n    is_async: bool = dataclasses.field(init=False)\n\n    def __post_init__(self) -> None:\n        self.is_async = is_async_callable(self.parameters.func)\n\n    async def execute(self, job: models.Job, context: models.Context) -> None:\n        """"""\n        Execute the job using the wrapped function.\n\n        Args:\n            job (models.Job): The job to execute.\n            context (models.Context): The context for the job.\n        """"""\n        if self.is_async:\n            await cast(AsyncEntrypoint, self.parameters.func)(job)\n        else:\n            await anyio.to_thread.run_sync(cast(SyncEntrypoint, self.parameters.func), job)\n\n\n@dataclasses.dataclass\nclass RetryWithBackoffEntrypointExecutor(EntrypointExecutor):']","['superfunc', 'decaratorfunc', 'decaratorfunc', 'decaratorfunc', 'decaratorfunc', 'decaratorclass', 'decaratorclass', 'decaratorclass', 'decaratorclass', 'decaratorclass', 'decaratorclass', 'decaratorclass', 'whilesimple', 'whilesimple', 'trytry', 'tryexcept', 'simpleclass', 'simpleclass', 'simpleclass', 'simpleclass', 'simpleclass', 'raise', 'raise', 'importfunc', 'importfunc', 'importfunc', 'importfunc', 'importfunc', 'importfunc', 'importfunc', 'importfunc', 'importfromsimple', 'importfromsimple', 'simpleattr', 'simpleattr', 'assignIncrement', 'simplefunc', 'simplefunc', 'simplefunc', 'return', 'return', 'return', 'return', 'return', 'simpleif', 'simpleif', 'simpleAssign', 'simpleAssign', 'simpleAssign', 'simpleAssign', 'simpleAssign', 'simpleAssign', 'simpleAssign', 'simpleAssign', 'simpleAssign', 'simpleAssign', 'simpleAssign', 'simpleAssign', 'simpleAssign', 'simpleAssign', 'simpleAssign', 'simpleAssign', 'simpleAssign', 'simpleAssign', 'simpleAssign', 'simpleAssign', 'simpleAssign', 'simpleAssign', 'simpleAssign', 'simpleAssign', 'simpleAssign', 'simpleAssign', 'annAssign', 'annAssign', 'annAssign', 'annAssign', 'annAssign', 'annAssign', 'annAssign', 'annAssign', 'annAssign', 'bidivide', 'power', 'bitOr', 'bitOr', 'bitOr', 'mathMul', 'mathMul', 'mathMul', 'mathMul', 'inheritclass']",48,13,8,10,5,7
janbjorge__pgqueuer__pr2272633617__20251223_042203__389016aacf1b2ab08bf96cb5bacc2d4b6bad1a27__db_after,"['zip(cols, val)) for val in await cursor.fetchall()', '@property\n    def', '@property\n    def', '@property\n    def', '@property\n    def', '@property\n    def', '@property\n    def', '@functools.cache\ndef', '@property\n    def', '@property\n    def', 'enumerate(args, start=1)', 're.sub(r""\\$(\\d+)"", r""%(parameter_\\1)s"", query)', 'import re\n', 'cols = [col.name for col in description]', 'while not self.shutdown.is_set():', 'from . import tm\n', 'lambda *x: callback(x[-1]),', 'lambda *x: callback(x[-1]),', 'def __aexit__(self, *_: object) -> None:', 'def __aexit__(self, *_: object) -> None:', 'def __aexit__(self, *_: object) -> None:', 'def __aexit__(self, *_: object) -> None:', 'class Driver(Protocol):', 'class AsyncpgDriver(Driver):', 'class AsyncpgPoolDriver(Driver):', 'class PsycopgDriver(Driver):', 'raise RuntimeError(""No description"")', ""    Returns:\n        str: A PostgreSQL DSN string in the format 'postgresql://user:pass"", 'import annotations\n', 'import asyncio\n', 'import functools\n', 'import os\n', 'import re\n', 'import timedelta\n', 'import Self\n', 'import tm\n', 'import asyncpg\n', 'import psycopg\n', 'from __future__ import annotations\n\nimport asyncio\n', 'from datetime import timedelta\n', 'from typing_extensions import Self\n', 'self._shutdown = asyncio.Event()', 'self._connection = connection', 'self._lock = asyncio.Lock()', 'self._shutdown = asyncio.Event()', 'self._pool = pool', 'self._listener_connection: asyncpg.pool.PoolConnectionProxy | None = None', 'self._lock = asyncio.Lock()', 'self._listener_connection = await self._pool.acquire()', 'self._listener_connection = None', 'self._shutdown = asyncio.Event()', 'self._connection = connection', 'self._lock = asyncio.Lock()', 'self._tm = tm.TaskManager()', 'self._notify_stop_after = notify_stop_after', 'self._notify_timeout = notify_timeout', 'def shutdown(self) -> asyncio.Event:\n', 'def tm(self) -> tm.TaskManager:\n', 'def __aenter__(self) -> Self:\n', 'def shutdown(self) -> asyncio.Event:\n', 'def tm(self) -> tm.TaskManager:\n', 'def __aenter__(self) -> Self:\n', 'def shutdown(self) -> asyncio.Event:\n', 'def tm(self) -> tm.TaskManager:\n', 'def __aenter__(self) -> Self:\n', 'def shutdown(self) -> asyncio.Event:\n', 'def tm(self) -> tm.TaskManager:\n', 'def notify_handler() -> None:\n', 'def __aenter__(self) -> Self:\n', 'return f""postgresql://{user}:{password}@{host}:{port}/{database}""\n', 'return the status message.\n', 'return [dict(x) for x in await self._connection.fetch(query, *args)]\n', 'return await self._connection.execute(query, *args)\n', 'return self._shutdown\n', 'return tm.TaskManager()\n', 'return self\n', 'return [dict(x) for x in await self._pool.fetch(query, *args)]\n', 'return await self._pool.execute(query, *args)\n', 'return self._shutdown\n', 'return tm.TaskManager()\n', 'return self\n', 'return re.sub(r""\\$(\\d+)"", r""%(parameter_\\1)s"", query)\n', 'return {f""parameter_{n}"": arg for n, arg in enumerate(args, start=1)}\n', 'return self._shutdown\n', 'return self._tm\n', 'return [dict(zip(cols, val)) for val in await cursor.fetchall()]\n', 'return (\n', 'return self\n', 'if TYPE_CHECKING:\n    import asyncpg\n', 'if self._pool.get_max_size() < 2:\n            raise RuntimeError(\n', 'if self._listener_connection is None:\n                self._listener_connection = await self._pool.acquire()\n', 'if self._listener_connection is not None:\n                await self._listener_connection.reset()\n', 'if not (description := cursor.description):\n            raise RuntimeError(""No description"")\n', 'if not self._connection.autocommit:\n            raise RuntimeError(\n', 'if not self.shutdown.is_set():\n                            callback(note.payload)\n', 'cols = [col.name for col in description]', 'for note in gen:', 'host = host or os.getenv(""PGHOST"", """")', 'user = user or os.getenv(""PGUSER"", """")', 'password = password or os.getenv(""PGPASSWORD"", """")', 'database = database or os.getenv(""PGDATABASE"", """")', 'port = port or os.getenv(""PGPORT"", """")', 'self._shutdown = asyncio.Event()', 'self._connection = connection', 'self._lock = asyncio.Lock()', 'self._shutdown = asyncio.Event()', 'self._pool = pool', 'self._listener_connection: asyncpg.pool.PoolConnectionProxy | None = None', 'self._lock = asyncio.Lock()', 'self._listener_connection = await self._pool.acquire()', 'self._listener_connection = None', 'return {f""parameter_{n}"": arg for n, arg in enumerate(args, start=1)}', 'notify_timeout: timedelta = timedelta(seconds=0.25),', 'notify_stop_after: int = 10,', 'self._shutdown = asyncio.Event()', 'self._connection = connection', 'self._lock = asyncio.Lock()', 'self._tm = tm.TaskManager()', 'self._notify_stop_after = notify_stop_after', 'self._notify_timeout = notify_timeout', 'cursor = await self._connection.execute(', 'if not (description := cursor.description):', 'configured with autocommit=True.""', 'gen = self._connection.notifies(', 'timeout=self._notify_timeout.total_seconds(),', 'stop_after=self._notify_stop_after,', 'name=f""notify_psycopg_handler_{channel}"",', '(description := cursor.description)', 'notify_timeout: timedelta = timedelta', 'notify_stop_after: int = 10', ' not specified', ' not None', ' not self', ' not self', ' not self', 'port/database', 'LISTEN/NOTIFY', 'str | bytes', 'str | bytes', 'str | bytes', 'PoolConnectionProxy | None', 'str | bytes', 'str | bytes', 'password@host', 'NotImplementedError\n\n    @property', 'NotImplementedError\n\n    @property', '_shutdown\n\n    @property', '_shutdown\n\n    @property', 'None\n\n\n@functools', 'notify_timeout\n\n    @property', '_shutdown\n\n    @property', 'class Driver(Protocol):\n    """"""\n    Protocol defining the essential database operations for drivers.\n\n    The `Driver` protocol specifies the methods that a database driver must implement\n    to be compatible with the system. This includes methods for fetching records,\n    executing queries, adding listeners for notifications, and managing the driver\'s lifecycle.\n    """"""\n\n    async def fetch(\n        self,\n        query: str,\n        *args: Any,\n    ) -> list[dict]:\n        """"""\n        Fetch multiple records from the database.\n\n        Args:\n            query (str): The SQL query to execute.\n            *args (Any): Positional arguments to substitute into the query.\n\n        Returns:\n            list[dict]: A list of dictionaries representing the fetched records.\n        """"""\n        raise NotImplementedError\n\n    async def execute(\n        self,\n        query: str,\n        *args: Any,\n    ) -> str:\n        """"""\n        Execute a SQL query and return the status message.\n\n        Args:\n            query (str): The SQL query to execute.\n            *args (Any): Positional arguments to substitute into the query.\n\n        Returns:\n            str: The status message returned by the database after execution.\n        """"""\n        raise NotImplementedError\n\n    async def add_listener(\n        self,\n        channel: str,\n        callback: Callable[[str | bytes | bytearray], None],\n    ) -> None:\n        """"""\n        Add a listener for a PostgreSQL NOTIFY channel.\n\n        Registers a callback function to be called whenever a notification is received\n        on the specified channel.\n\n        Args:\n            channel (str): The name of the PostgreSQL channel to listen on.\n            callback (Callable[[str | bytes | bytearray], None]): The function to call when a\n                notification is received.\n        """"""\n        raise NotImplementedError\n\n    @property\n    def shutdown(self) -> asyncio.Event:\n        """"""\n        An asyncio.Event indicating the liveness of the driver.\n\n        This event can be used to signal when the driver is shutting down or no longer active.\n        """"""\n        raise NotImplementedError\n\n    @property\n    def tm(self) -> tm.TaskManager:\n        """"""\n        TaskManager instance for managing background tasks.\n\n        Provides a way to manage and await background tasks associated with the driver.\n        """"""\n        raise NotImplementedError\n\n    async def __aenter__(self) -> Self:\n        """"""\n        Enter the runtime context related to this object.\n\n        Returns:\n            Self: Returns self to allow the driver to be used as an asynchronous context manager.\n        """"""\n        raise NotImplementedError\n\n    async def __aexit__(self, *_: object) -> None:\n        """"""\n        Exit the runtime context and perform cleanup actions.\n\n        Args:\n            *_ (object): Ignored arguments.\n        """"""\n        raise NotImplementedError\n\n\nclass AsyncpgDriver(Driver):\n    """"""\n    AsyncPG implementation of the `Driver` protocol.\n\n    This driver uses an AsyncPG connection to perform asynchronous database operations\n    such as fetching records, executing queries, and listening for notifications.\n    It ensures thread safety using an asyncio.Lock.\n    """"""\n\n    def __init__(\n        self,\n        connection: asyncpg.Connection,\n    ) -> None:\n        """"""Initialize the driver with an AsyncPG connection.""""""\n        self._shutdown = asyncio.Event()\n        self._connection = connection\n        self._lock = asyncio.Lock()\n\n    async def fetch(\n        self,\n        query: str,\n        *args: Any,\n    ) -> list[dict]:\n        async with self._lock:\n            return [dict(x) for x in await self._connection.fetch(query, *args)]\n\n    async def execute(\n        self,\n        query: str,\n        *args: Any,\n    ) -> str:\n        async with self._lock:\n            return await self._connection.execute(query, *args)\n\n    async def add_listener(\n        self,\n        channel: str,\n        callback: Callable[[str | bytes | bytearray], None],\n    ) -> None:\n        async with self._lock:\n            await self._connection.add_listener(\n                channel,\n                lambda *x: callback(x[-1]),\n            )\n\n    @property\n    def shutdown(self) -> asyncio.Event:\n        return self._shutdown\n\n    @property\n    def tm(self) -> tm.TaskManager:\n        return tm.TaskManager()\n\n    async def __aenter__(self) -> Self:\n        return self\n\n    async def __aexit__(self, *_: object) -> None: ...\n\n\nclass AsyncpgPoolDriver(Driver):\n    """"""\n    Implements the Driver protocol using AsyncPGPool for PostgreSQL database operations.\n\n    This class manages asynchronous database operations using a connection pool.\n    It ensures thread safety through query locking and supports PostgreSQL LISTEN/NOTIFY\n    functionality with dedicated listeners.\n    """"""\n\n    def __init__(\n        self,\n        pool: asyncpg.Pool,\n    ) -> None:\n        """"""\n        Initialize the AsyncpgPoolDriver with a connection pool.\n        """"""\n        self._shutdown = asyncio.Event()\n        self._pool = pool\n        self._listener_connection: asyncpg.pool.PoolConnectionProxy | None = None\n        self._lock = asyncio.Lock()\n        if self._pool.get_max_size() < 2:\n            raise RuntimeError(\n                ""Pool max size must be greater than 2 to ensure connections are available.""\n            )\n\n    async def fetch(\n        self,\n        query: str,\n        *args: Any,\n    ) -> list[dict]:\n        return [dict(x) for x in await self._pool.fetch(query, *args)]\n\n    async def execute(\n        self,\n        query: str,\n        *args: Any,\n    ) -> str:\n        return await self._pool.execute(query, *args)\n\n    async def add_listener(\n        self,\n        channel: str,\n        callback: Callable[[str | bytes | bytearray], None],\n    ) -> None:\n        """"""Add a database listener with locking to manage concurrency.""""""\n        async with self._lock:\n            if self._listener_connection is None:\n                self._listener_connection = await self._pool.acquire()\n\n            await self._listener_connection.add_listener(\n                channel,\n                lambda *x: callback(x[-1]),\n            )\n\n    @property\n    def shutdown(self) -> asyncio.Event:\n        return self._shutdown\n\n    @property\n    def tm(self) -> tm.TaskManager:\n        return tm.TaskManager()\n\n    async def __aenter__(self) -> Self:\n        return self\n\n    async def __aexit__(self, *_: object) -> None:\n        async with self._lock:\n            if self._listener_connection is not None:\n                await self._listener_connection.reset()\n                await self._pool.release(self._listener_connection)\n                self._listener_connection = None\n\n\n@functools.cache\ndef _replace_dollar_named_parameter(query: str) -> str:\n    """"""\n    Replace positional parameters in a SQL query with named parameters.\n\n    This function replaces all occurrences of $1, $2, etc., in the provided SQL query\n    string with named parameters of the form %(parameter_1)s, which is compatible with\n    Psycopg\'s named parameter syntax.\n\n    Args:\n        query (str): The SQL query string containing positional parameters.\n\n    Returns:\n        str: The modified SQL query string with named parameters.\n    """"""\n    return re.sub(r""\\$(\\d+)"", r""%(parameter_\\1)s"", query)\n\n\ndef _named_parameter(args: tuple) -> dict[str, Any]:\n    """"""\n    Convert positional arguments into a dictionary of named parameters.\n\n    Creates a dictionary mapping parameter names like \'parameter_1\', \'parameter_2\', etc.,\n    to the provided positional arguments. This is used for parameter substitution in SQL queries.\n\n    Args:\n        args (tuple): A tuple of positional arguments.\n\n    Returns:\n        dict[str, Any]: A dictionary mapping parameter names to their corresponding values.\n    """"""\n    return {f""parameter_{n}"": arg for n, arg in enumerate(args, start=1)}\n\n\nclass PsycopgDriver(Driver):']","['zip', 'decaratorfunc', 'decaratorfunc', 'decaratorfunc', 'decaratorfunc', 'decaratorfunc', 'decaratorfunc', 'decaratorfunc', 'decaratorfunc', 'decaratorfunc', 'enumfunc', 're', 'importre', 'simpleListComp', 'whilesimple', 'fromrelative', 'lambda', 'lambda', 'funcwithstar', 'funcwithstar', 'funcwithstar', 'funcwithstar', 'simpleclass', 'simpleclass', 'simpleclass', 'simpleclass', 'raise', 'pass', 'importfunc', 'importfunc', 'importfunc', 'importfunc', 'importfunc', 'importfunc', 'importfunc', 'importfunc', 'importfunc', 'importfunc', 'importfromsimple', 'importfromsimple', 'importfromsimple', 'simpleattr', 'simpleattr', 'simpleattr', 'simpleattr', 'simpleattr', 'simpleattr', 'simpleattr', 'simpleattr', 'simpleattr', 'simpleattr', 'simpleattr', 'simpleattr', 'simpleattr', 'simpleattr', 'simpleattr', 'simplefunc', 'simplefunc', 'simplefunc', 'simplefunc', 'simplefunc', 'simplefunc', 'simplefunc', 'simplefunc', 'simplefunc', 'simplefunc', 'simplefunc', 'simplefunc', 'simplefunc', 'return', 'return', 'return', 'return', 'return', 'return', 'return', 'return', 'return', 'return', 'return', 'return', 'return', 'return', 'return', 'return', 'return', 'return', 'return', 'simpleif', 'simpleif', 'simpleif', 'simpleif', 'simpleif', 'simpleif', 'simpleif', 'simpleList', 'forsimple', 'simpleAssign', 'simpleAssign', 'simpleAssign', 'simpleAssign', 'simpleAssign', 'simpleAssign', 'simpleAssign', 'simpleAssign', 'simpleAssign', 'simpleAssign', 'simpleAssign', 'simpleAssign', 'simpleAssign', 'simpleAssign', 'simpleAssign', 'simpleAssign', 'simpleAssign', 'simpleAssign', 'simpleAssign', 'simpleAssign', 'simpleAssign', 'simpleAssign', 'simpleAssign', 'simpleAssign', 'simpleAssign', 'simpleAssign', 'simpleAssign', 'simpleAssign', 'simpleAssign', 'simpleAssign', 'namedExpression', 'annAssign', 'annAssign', 'unaryNot', 'unaryNot', 'unaryNot', 'unaryNot', 'unaryNot', 'bidivide', 'bidivide', 'bitOr', 'bitOr', 'bitOr', 'bitOr', 'bitOr', 'bitOr', 'mathMul', 'mathMul', 'mathMul', 'mathMul', 'mathMul', 'mathMul', 'mathMul', 'mathMul', 'inheritclass']",71,28,16,25,10,2
janbjorge__pgqueuer__pr2327904675__20251223_042145__141593e576e2e3bbb6616c0a6fb66c5c39065fe5__applications_after,"['@dataclasses.dataclass\nclass', 'import annotations\n', 'import asyncio\n', 'import dataclasses\n', 'import timedelta\n', 'import Callable\n', 'import Driver\n', 'import Channel\n', 'import DBSettings\n', 'import QueueManager\n', 'import SchedulerManager\n', 'import TaskManager\n', 'from __future__ import annotations\n\nimport asyncio\n', 'from datetime import timedelta\n', 'from typing import Callable\n', 'self.qm = QueueManager(self.connection, self.channel)', 'self.sm = SchedulerManager(self.connection)', 'self.qm.shutdown = self.shutdown', 'self.sm.shutdown = self.shutdown', 'def __post_init__(self) -> None:\n', 'return self.qm.entrypoint(\n', 'return self.sm.schedule(\n', 'channel: Channel = dataclasses.field(', 'default=Channel(DBSettings().channel),', 'shutdown: asyncio.Event = dataclasses.field(', 'init=False,', 'default_factory=asyncio.Event,', 'qm: QueueManager = dataclasses.field(', 'init=False,', 'sm: SchedulerManager = dataclasses.field(', 'init=False,', 'self.qm = QueueManager(self.connection, self.channel)', 'self.sm = SchedulerManager(self.connection)', 'self.qm.shutdown = self.shutdown', 'self.sm.shutdown = self.shutdown', 'dequeue_timeout: timedelta = timedelta(seconds=30),', 'batch_size: int = 10,', 'burst_mode: bool = False,', 'batch_size=batch_size,', 'dequeue_timeout=dequeue_timeout,', 'brust_mode=burst_mode,', 'requests_per_second: float = float(""inf""),', 'concurrency_limit: int = 0,', 'retry_timer: timedelta = timedelta(seconds=0),', 'serialized_dispatch: bool = False,', 'executor: type[AbstractEntrypointExecutor] | None = None,', 'None = None,', 'name=name,', 'requests_per_second=requests_per_second,', 'concurrency_limit=concurrency_limit,', 'retry_timer=retry_timer,', 'serialized_dispatch=serialized_dispatch,', 'executor=executor,', 'executor_factory=executor_factory,', 'executor: type[AbstractScheduleExecutor] | None = None,', 'None = None,', 'entrypoint=entrypoint,', 'expression=expression,', 'executor=executor,', 'executor_factory=executor_factory,', 'channel: Channel = dataclasses', 'qm: QueueManager = dataclasses', 'sm: SchedulerManager = dataclasses', 'dequeue_timeout: timedelta = timedelta', 'batch_size: int = 10', 'burst_mode: bool = False', 'requests_per_second: float = float', 'concurrency_limit: int = 0', 'retry_timer: timedelta = timedelta', 'serialized_dispatch: bool = False', 'TaskManager\n\n\n@dataclasses']","['decaratorclass', 'importfunc', 'importfunc', 'importfunc', 'importfunc', 'importfunc', 'importfunc', 'importfunc', 'importfunc', 'importfunc', 'importfunc', 'importfunc', 'importfromsimple', 'importfromsimple', 'importfromsimple', 'simpleattr', 'simpleattr', 'simpleattr', 'simpleattr', 'simplefunc', 'return', 'return', 'simpleAssign', 'simpleAssign', 'simpleAssign', 'simpleAssign', 'simpleAssign', 'simpleAssign', 'simpleAssign', 'simpleAssign', 'simpleAssign', 'simpleAssign', 'simpleAssign', 'simpleAssign', 'simpleAssign', 'simpleAssign', 'simpleAssign', 'simpleAssign', 'simpleAssign', 'simpleAssign', 'simpleAssign', 'simpleAssign', 'simpleAssign', 'simpleAssign', 'simpleAssign', 'simpleAssign', 'simpleAssign', 'simpleAssign', 'simpleAssign', 'simpleAssign', 'simpleAssign', 'simpleAssign', 'simpleAssign', 'simpleAssign', 'simpleAssign', 'simpleAssign', 'simpleAssign', 'simpleAssign', 'simpleAssign', 'simpleAssign', 'annAssign', 'annAssign', 'annAssign', 'annAssign', 'annAssign', 'annAssign', 'annAssign', 'annAssign', 'annAssign', 'annAssign', 'mathMul']",50,12,3,5,0,1
janbjorge__pgqueuer__pr2281573752__20251223_042143__6dfa62934b730952a832cc78db51655e37ad3899__test_executors_after,"['@pytest.mark.asyncio\nasync def', '@pytest.mark.asyncio\nasync def', '@pytest.mark.asyncio\nasync def', '@pytest.mark.asyncio\nasync def', '@pytest.mark.asyncio\nasync def', 'def __init__(self)', 'def __init__(self)', 'class MultiprocessingExecutor(AbstractEntrypointExecutor):', 'class ThreadingExecutor(AbstractEntrypointExecutor):', 'class CustomExecutor(AbstractEntrypointExecutor):', 'assert result == [b""test_payload""]\n', 'assert result == [b""test_payload""]\n', 'assert executor.result == [b""thread_payload""]\n', 'assert result == b""process_payload""\n', 'assert results == [b""test_data""]\n', 'assert sum(j.id == mj.id for j in jobs) == exc.max_attempts\n', 'assert sum(j.id == mj.id for j in jobs) == exc.max_attempts\n', 'assert elp() * leeway >= exc.max_time\n', 'assert elp() * leeway >= exc.max_time\n', '    def entrypoint_function(job: Job) -> None:\n        pass', 'def sync_function(job: Job) -> None:\n    pass', '        def sync_method(self, job: Job) -> None:\n            pass', 'import asyncio\n', 'import functools\n', 'import timedelta\n', 'import anyio\n', 'import pytest\n', 'import mocked_job\n', 'import Driver\n', 'import timer\n', 'import QueueManager\n', 'import Queries\n', 'from datetime import timedelta\n', 'from multiprocessing import Process, Queue as MPQueue\n\nimport anyio\n', 'from helpers import mocked_job\n', 'from pgqueuer.db import Driver\n', 'from pgqueuer.helpers import timer\n', 'from pgqueuer.qm import QueueManager\n', 'from pgqueuer.queries import Queries\n', 'self.requests_per_second = 5', 'self.retry_timer = timedelta(seconds=10)', 'self.serialized_dispatch = False', 'self.concurrency_limit = 2', 'self.queue: MPQueue[object] = MPQueue()', 'self.process_function, args=(job,))', 'self.requests_per_second = 10', 'self.retry_timer = timedelta(seconds=5)', 'self.serialized_dispatch = False', 'self.concurrency_limit = 5', 'self.result = list[bytes]()', 'def __init__(self) -> None:\n', 'def test_custom_threading_executor() -> None:\n', 'def __init__(self) -> None:\n', 'def test_custom_multiprocessing_executor() -> None:\n', 'def run_queue_manager() -> None:\n', 'def test_is_async_callable_with_async_function() -> None:\n', 'def test_is_async_callable_with_sync_function() -> None:\n', 'def test_is_async_callable_with_partial_async_function() -> None:\n', 'def test_is_async_callable_with_partial_sync_function() -> None:\n', 'def test_is_async_callable_with_class_method() -> None:\n', 'return\n        raise ValueError\n', 'if job.payload:\n            self.queue.put(job.payload)\n', 'if job.payload:\n            result.append(job.payload)\n', 'if job.payload:\n            result.append(job.payload)\n', 'if job.payload:\n                self.result.append(job.payload)\n', 'if job.payload:\n                results.append(job.payload)\n', 'if len(jobs) > N:\n            return\n', 'process = Process(target=self.process_function, args=(job,))', 'result = []', 'assert result == [b""test_payload""]', 'result = []', 'assert result == [b""test_payload""]', 'assert executor.result == [b""thread_payload""]', 'results = []', 'assert results == [b""test_data""]', 'requests_per_second=float(""+inf""),', 'requests_per_second=float(""+inf""),', 'requests_per_second=float(""+inf""),', 'requests_per_second=float(""+inf""),', 'requests_per_second=float(""+inf""),', 'self.requests_per_second = 5', 'self.retry_timer = timedelta(seconds=10)', 'self.serialized_dispatch = False', 'self.concurrency_limit = 2', 'self.queue: MPQueue[object] = MPQueue()', 'process = Process(target=self.process_function, args=(job,))', 'executor = EntrypointExecutor(', 'channel=PGChannel(""foo""),', 'concurrency_limit=10,', 'connection=apgdriver,', 'queries=Queries(apgdriver),', 'requests_per_second=float(""+inf""),', 'retry_timer=timedelta(seconds=300),', 'serialized_dispatch=False,', 'shutdown=asyncio.Event(),', 'func=sync_function,', 'job = mocked_job(payload=b""test_payload"")', 'executor = EntrypointExecutor(', 'channel=PGChannel(""foo""),', 'concurrency_limit=10,', 'connection=apgdriver,', 'queries=Queries(apgdriver),', 'requests_per_second=float(""+inf""),', 'retry_timer=timedelta(seconds=300),', 'serialized_dispatch=False,', 'shutdown=asyncio.Event(),', 'func=async_function,', 'job = mocked_job(payload=b""test_payload"")', 'self.requests_per_second = 10', 'self.retry_timer = timedelta(seconds=5)', 'self.serialized_dispatch = False', 'self.concurrency_limit = 5', 'self.result = list[bytes]()', 'loop = asyncio.get_event_loop()', 'executor = ThreadingExecutor()', 'job = mocked_job(payload=b""thread_payload"")', 'executor = MultiprocessingExecutor()', 'job = mocked_job(payload=b""process_payload"")', 'result = executor.queue.get()', 'assert result == b""process_payload""', 'qm = QueueManager(connection=apgdriver)', 'executor_factory=CustomExecutor,', 'queries = Queries(apgdriver)', 'await queries.enqueue(entrypoint=""custom_entrypoint"", payload=b""test_data"")', 'await qm.run(dequeue_timeout=timedelta(seconds=2), batch_size=1)', 'task = asyncio.create_task(run_queue_manager())', 'partial_async = functools.partial(async_function)', 'partial_sync = functools.partial(sync_function)', 'instance = MyClass()', 'jobs = list[Job]()', 'parameters = EntrypointExecutorParameters(', 'channel=PGChannel(""test_retry_with_backoff_entrypoint_executor_max_attempts""),', 'concurrency_limit=10,', 'connection=apgdriver,', 'queries=Queries(apgdriver),', 'requests_per_second=float(""+inf""),', 'retry_timer=timedelta(seconds=300),', 'serialized_dispatch=False,', 'shutdown=asyncio.Event(),', 'func=raises,', 'exc = RetryWithBackoffEntrypointExecutor(', 'initial_delay=0,', 'jitter=lambda: 0,', 'exc.max_attempts = 5', 'exc.max_time = timedelta(seconds=300)', 'mj = mocked_job()', 'assert sum(j.id == mj.id for j in jobs) == exc.max_attempts', 'exc.max_attempts = 10', 'exc.max_time = timedelta(seconds=300)', 'mj = mocked_job()', 'assert sum(j.id == mj.id for j in jobs) == exc.max_attempts', 'parameters = EntrypointExecutorParameters(', 'channel=PGChannel(""test_retry_with_backoff_entrypoint_executor_max_time""),', 'concurrency_limit=10,', 'connection=apgdriver,', 'queries=Queries(apgdriver),', 'requests_per_second=float(""+inf""),', 'retry_timer=timedelta(seconds=300),', 'serialized_dispatch=False,', 'shutdown=asyncio.Event(),', 'func=raises,', 'exc = RetryWithBackoffEntrypointExecutor(', 'initial_delay=0,', 'jitter=lambda: 0,', 'exc.max_attempts = 1000', 'exc.max_time = timedelta(seconds=0.01)', 'mj = mocked_job()', 'leeway = 1.1', 'assert elp() * leeway >= exc.max_time', 'exc.max_attempts = 1000', 'exc.max_time = timedelta(seconds=0.1)', 'mj = mocked_job()', 'assert elp() * leeway >= exc.max_time', 'N = 10', 'jobs = list[Job]()', 'parameters = EntrypointExecutorParameters(', 'channel=PGChannel(""test_retry_with_backoff_entrypoint_executor_until_pass""),', 'concurrency_limit=10,', 'connection=apgdriver,', 'queries=Queries(apgdriver),', 'requests_per_second=float(""+inf""),', 'retry_timer=timedelta(seconds=300),', 'serialized_dispatch=False,', 'shutdown=asyncio.Event(),', 'func=raises,', 'exc = RetryWithBackoffEntrypointExecutor(', 'initial_delay=0,', 'jitter=lambda: 0,', 'exc.max_attempts = 1000', 'exc.max_time = timedelta(seconds=0.1)', 'mj = mocked_job()', 'None:\n        process = Process', 'None:\n            loop = asyncio', 'None:\n    executor = MultiprocessingExecutor', 'None:\n    qm = QueueManager', 'None:\n    partial_async = functools', 'None:\n    partial_sync = functools', 'None:\n    jobs = list', 'None:\n    N = 10']","['decaratorfunc', 'decaratorfunc', 'decaratorfunc', 'decaratorfunc', 'decaratorfunc', '__init__', '__init__', 'simpleclass', 'simpleclass', 'simpleclass', 'assert', 'assert', 'assert', 'assert', 'assert', 'assert', 'assert', 'assert', 'assert', 'pass', 'pass', 'pass', 'importfunc', 'importfunc', 'importfunc', 'importfunc', 'importfunc', 'importfunc', 'importfunc', 'importfunc', 'importfunc', 'importfunc', 'importfromsimple', 'importfromsimple', 'importfromsimple', 'importfromsimple', 'importfromsimple', 'importfromsimple', 'importfromsimple', 'simpleattr', 'simpleattr', 'simpleattr', 'simpleattr', 'simpleattr', 'simpleattr', 'simpleattr', 'simpleattr', 'simpleattr', 'simpleattr', 'simpleattr', 'simplefunc', 'simplefunc', 'simplefunc', 'simplefunc', 'simplefunc', 'simplefunc', 'simplefunc', 'simplefunc', 'simplefunc', 'simplefunc', 'return', 'simpleif', 'simpleif', 'simpleif', 'simpleif', 'simpleif', 'simpleif', 'simpleTuple', 'simpleList', 'simpleList', 'simpleList', 'simpleList', 'simpleList', 'simpleList', 'simpleList', 'assignwithSum', 'assignwithSum', 'assignwithSum', 'assignwithSum', 'assignwithSum', 'simpleAssign', 'simpleAssign', 'simpleAssign', 'simpleAssign', 'simpleAssign', 'simpleAssign', 'simpleAssign', 'simpleAssign', 'simpleAssign', 'simpleAssign', 'simpleAssign', 'simpleAssign', 'simpleAssign', 'simpleAssign', 'simpleAssign', 'simpleAssign', 'simpleAssign', 'simpleAssign', 'simpleAssign', 'simpleAssign', 'simpleAssign', 'simpleAssign', 'simpleAssign', 'simpleAssign', 'simpleAssign', 'simpleAssign', 'simpleAssign', 'simpleAssign', 'simpleAssign', 'simpleAssign', 'simpleAssign', 'simpleAssign', 'simpleAssign', 'simpleAssign', 'simpleAssign', 'simpleAssign', 'simpleAssign', 'simpleAssign', 'simpleAssign', 'simpleAssign', 'simpleAssign', 'simpleAssign', 'simpleAssign', 'simpleAssign', 'simpleAssign', 'simpleAssign', 'simpleAssign', 'simpleAssign', 'simpleAssign', 'simpleAssign', 'simpleAssign', 'simpleAssign', 'simpleAssign', 'simpleAssign', 'simpleAssign', 'simpleAssign', 'simpleAssign', 'simpleAssign', 'simpleAssign', 'simpleAssign', 'simpleAssign', 'simpleAssign', 'simpleAssign', 'simpleAssign', 'simpleAssign', 'simpleAssign', 'simpleAssign', 'simpleAssign', 'simpleAssign', 'simpleAssign', 'simpleAssign', 'simpleAssign', 'simpleAssign', 'simpleAssign', 'simpleAssign', 'simpleAssign', 'simpleAssign', 'simpleAssign', 'simpleAssign', 'simpleAssign', 'simpleAssign', 'simpleAssign', 'simpleAssign', 'simpleAssign', 'simpleAssign', 'simpleAssign', 'simpleAssign', 'simpleAssign', 'simpleAssign', 'simpleAssign', 'simpleAssign', 'simpleAssign', 'simpleAssign', 'simpleAssign', 'simpleAssign', 'simpleAssign', 'simpleAssign', 'simpleAssign', 'simpleAssign', 'simpleAssign', 'simpleAssign', 'simpleAssign', 'simpleAssign', 'simpleAssign', 'simpleAssign', 'simpleAssign', 'simpleAssign', 'simpleAssign', 'simpleAssign', 'simpleAssign', 'simpleAssign', 'annAssign', 'annAssign', 'annAssign', 'annAssign', 'annAssign', 'annAssign', 'annAssign', 'annAssign']",131,28,13,22,5,0
janbjorge__pgqueuer__pr2475411025__20251223_042134__da25653fe65c900b88a2fec3a01a578a0faed373__types_before,"['class QueueExecutionMode(Enum):', 'import annotations\n', 'import Enum\n', 'from __future__ import annotations\n', 'from enum import Enum\n', 'Channel = NewType(""Channel"", str)', 'PGChannel = Channel  # TODO: Depricate', 'OPERATIONS = Literal[""insert"", ""update"", ""delete"", ""truncate""]', 'EVENT_TYPES = Literal[""table_changed_event"", ""requests_per_second_event"", ""cancellation_event""]', 'JobId = NewType(""JobId"", int)', 'JOB_STATUS = Literal[', 'CronEntrypoint = NewType(""CronEntrypoint"", str)', 'CronExpression = NewType(""CronExpression"", str)', 'ScheduleId = NewType(""ScheduleId"", int)']","['simpleclass', 'importfunc', 'importfunc', 'importfromsimple', 'importfromsimple', 'simpleAssign', 'simpleAssign', 'simpleAssign', 'simpleAssign', 'simpleAssign', 'simpleAssign', 'simpleAssign', 'simpleAssign', 'simpleAssign']",9,2,3,0,0,0
janbjorge__pgqueuer__pr2475411025__20251223_042134__da25653fe65c900b88a2fec3a01a578a0faed373__types_after,"['class QueueExecutionMode(Enum):', 'import annotations\n', 'import Enum\n', 'from __future__ import annotations\n', 'from enum import Enum\n', 'Channel = NewType(""Channel"", str)', 'PGChannel = Channel  # TODO: Depricate', 'OPERATIONS = Literal[""insert"", ""update"", ""delete"", ""truncate""]', 'EVENT_TYPES = Literal[', 'JobId = NewType(""JobId"", int)', 'JOB_STATUS = Literal[', 'CronEntrypoint = NewType(""CronEntrypoint"", str)', 'CronExpression = NewType(""CronExpression"", str)', 'ScheduleId = NewType(""ScheduleId"", int)']","['simpleclass', 'importfunc', 'importfunc', 'importfromsimple', 'importfromsimple', 'simpleAssign', 'simpleAssign', 'simpleAssign', 'simpleAssign', 'simpleAssign', 'simpleAssign', 'simpleAssign', 'simpleAssign', 'simpleAssign']",9,2,3,0,0,0
janbjorge__pgqueuer__pr2327904675__20251223_042156__03d3f070e1d63c543d9313194bbfbd9a3a331db3__test_superviser_before,"['@pytest.fixture(scope=""function"")\nasync def', '@pytest.fixture(scope=""function"")\nasync def', '@pytest.fixture(scope=""function"")\nasync def', '@pytest.fixture(scope=""function"")\ndef', '@asynccontextmanager\n    async def', '@asynccontextmanager\n    async def', 'def failing_run(*args, **kwargs):  # type:', 'def failing_run(*args, **kwargs):  # type:', 'def failing_run(*args, **kwargs):  # type:', 'def failing_run(*args, **kwargs):  # type:', 'raise Exception(""Simulated failure"")', 'raise Exception(""Simulated failure"")', 'assert calls > 1\n', '    class InvalidManager:\n        pass', '    class InvalidManager:\n        pass', 'import annotations\n', 'import asyncio\n', 'import signal\n', 'import asynccontextmanager\n', 'import timedelta\n', 'import async_timeout\n', 'import pytest\n', 'from __future__ import annotations\n\nimport asyncio\n', 'from contextlib import asynccontextmanager\n', 'from datetime import timedelta\n', 'from unittest.mock import ANY, MagicMock, patch\n\nimport async_timeout\n', 'calls += 1', 'def shutdown_event() -> asyncio.Event:\n', 'def test_run_manager_invalid_manager() -> None:\n', 'return QueueManager(connection=apgdriver)\n', 'return SchedulerManager(connection=apgdriver)\n', 'return PgQueuer(connection=apgdriver)\n', 'return asyncio.Event()\n', 'return pg_queuer\n', 'return QueueManager(connection=apgdriver)', 'return SchedulerManager(connection=apgdriver)', 'return PgQueuer(connection=apgdriver)', 'manager = supervisor.setup_shutdown_handlers(queue_manager, shutdown_event)', 'manager = supervisor.setup_shutdown_handlers(scheduler_manager, shutdown_event)', 'manager = supervisor.setup_shutdown_handlers(pg_queuer, shutdown_event)', 'mock_loop = MagicMock()', 'mock_get_event_loop.return_value = mock_loop', 'runit_task = asyncio.create_task(', 'factory=foo,', 'dequeue_timeout=timedelta(seconds=1),', 'batch_size=10,', 'restart_delay=timedelta(seconds=2),', 'restart_on_failure=False,', 'shutdown=shutdown_event,', 'calls = 0', 'calls += 1', 'pg_queuer.run = failing_run  # type: ignore', 'runit_task = asyncio.create_task(', 'factory=foo,', 'dequeue_timeout=timedelta(seconds=1),', 'batch_size=10,', 'restart_delay=timedelta(seconds=0.05),', 'restart_on_failure=True,', 'shutdown=shutdown_event,', 'pg_queuer.run = failing_run  # type: ignore', 'factory=foo,', 'dequeue_timeout=timedelta(seconds=1),', 'batch_size=10,', 'restart_delay=timedelta(seconds=2),', 'restart_on_failure=False,', 'shutdown=shutdown_event,', 'with pytest.raises(ValueError, match=""\'restart_delay\' must be >= 0""):', 'dequeue_timeout=timedelta(seconds=1),', 'batch_size=10,', 'restart_delay=timedelta(seconds=-1),', 'restart_on_failure=True,', 'shutdown=shutdown_event,', 'with pytest.raises(NotImplementedError, match=r""Unsupported instance type: .*InvalidManager.*""):', 'dequeue_timeout=timedelta(seconds=1),', 'batch_size=10,', 'None:\n    manager = supervisor', 'None:\n    manager = supervisor', 'None:\n    manager = supervisor', 'mock_get_event_loop:\n        mock_loop = MagicMock', 'None:\n    calls = 0', 'arg-type', 'supervisor\n\n\n@pytest', 'ignore\n\n    @asynccontextmanager']","['decaratorfunc', 'decaratorfunc', 'decaratorfunc', 'decaratorfunc', 'decaratorfunc', 'decaratorfunc', 'funcwith2star', 'funcwith2star', 'funcwithstar', 'funcwithstar', 'raise', 'raise', 'assert', 'pass', 'pass', 'importfunc', 'importfunc', 'importfunc', 'importfunc', 'importfunc', 'importfunc', 'importfunc', 'importfromsimple', 'importfromsimple', 'importfromsimple', 'importfromsimple', 'assignIncrement', 'simplefunc', 'simplefunc', 'return', 'return', 'return', 'return', 'return', 'simpleAssign', 'simpleAssign', 'simpleAssign', 'simpleAssign', 'simpleAssign', 'simpleAssign', 'simpleAssign', 'simpleAssign', 'simpleAssign', 'simpleAssign', 'simpleAssign', 'simpleAssign', 'simpleAssign', 'simpleAssign', 'simpleAssign', 'simpleAssign', 'simpleAssign', 'simpleAssign', 'simpleAssign', 'simpleAssign', 'simpleAssign', 'simpleAssign', 'simpleAssign', 'simpleAssign', 'simpleAssign', 'simpleAssign', 'simpleAssign', 'simpleAssign', 'simpleAssign', 'simpleAssign', 'simpleAssign', 'simpleAssign', 'simpleAssign', 'simpleAssign', 'simpleAssign', 'simpleAssign', 'simpleAssign', 'simpleAssign', 'simpleAssign', 'simpleAssign', 'simpleAssign', 'annAssign', 'annAssign', 'annAssign', 'annAssign', 'annAssign', 'biSub', 'mathMul', 'mathMul']",53,9,10,5,6,0
janbjorge__pgqueuer__pr2274981373__20251223_042138__ca9d1d606019a085d23cab04f9b11d9ad268fc15__benchmark_after,"['@self.pgq.entrypoint(""syncfetch"", requests_per_second=sync_rps, concurrency_limit=sync_cl)\n        def', '@app.command()\ndef', '@dataclass\nclass', '@dataclass\nclass', 'queries = [await make_queries(settings.driver, dsn()) for _ in range(settings.dequeue)]', 'if __name__ == ""__main__"":', 'with open(settings.output_json, ""w"") as f:', 'while not self.shutdown.is_set():', 'class BenchmarkResult(BaseModel):', 'class Settings(BaseModel):', 'raise NotImplementedError(driver)', 'with open(settings.output_json, ""w"")', 'import annotations\n', 'import asyncio\n', 'import json\n', 'import os\n', 'import random\n', 'import signal\n', 'import sys\n', 'import suppress\n', 'import dataclass\n', 'import Enum\n', 'import count\n', 'import Path\n', 'import typer\n', 'import uvloop\n', 'import tabulate\n', 'import tqdm\n', 'import PgQueuer\n', 'import Job\n', 'import add_prefix\n', 'import Queries\n', 'import asyncpg\n', 'import asyncpg\n', 'import psycopg\n', 'from __future__ import annotations\n\nimport asyncio\n', 'from contextlib import suppress\n', 'from dataclasses import dataclass\n', 'from enum import Enum\n', 'from itertools import count\n', 'from pathlib import Path\n\nimport typer\n', 'from tabulate import tabulate\n', 'from tqdm.asyncio import tqdm\n', 'from pgqueuer import PgQueuer\n', 'from pgqueuer.models import Job\n', 'from pgqueuer.qb import add_prefix\n', 'from pgqueuer.queries import Queries\n', 'self.pgq.entrypoint(""syncfetch"", requests_per_second=sync_rps, concurrency_limit=sync_cl)', 'self.pgq.run(batch_size=self.batch_size)', 'range(self.batch_size)', 'range(settings.enqueue)', 'range(settings.dequeue)', 'def pretty_print(self) -> None:\n', 'def pretty_print(self) -> None:\n', 'def run(self) -> None:\n', 'def run(self) -> None:\n', 'def shutdown_timer() -> None:\n', 'def graceful_shutdown() -> None:\n', 'return Queries(AsyncpgDriver(await asyncpg.connect(dsn=conninfo)))\n', 'return Queries(AsyncpgPoolDriver(pool))\n', 'return Queries(\n', 'if settings.output_json:\n        with open(settings.output_json, ""w"") as f:\n', 'if __name__ == ""__main__"":\n    with suppress(KeyboardInterrupt):\n', 'print(self)', 'print(self)', 'print()', 'print()', 'colalign=(""left"", ""left""),\n            )', 'colalign=(""left"", ""left""),\n            )', 'headers=[""Field"", ""Value""]', 'headers=[""Field"", ""Value""]', 'entrypoints = [""syncfetch"", ""asyncfetch""]', 'tasks = []', 'queries = [await make_queries(settings.driver, dsn()) for _ in range(settings.dequeue)]', 'for _ in range(settings.enqueue):', 'for q in queries:', 'for q in pgqs:', 'for p in pending:', 'for qm in pgqs:', 'app = typer.Typer()', 'tablefmt=os.environ.get(add_prefix(""TABLEFMT""), ""pretty""),', 'driver: DriverEnum = typer.Option(', 'timer: timedelta = typer.Option(', 'dequeue: int = typer.Option(', 'dequeue_batch_size: int = typer.Option(', 'enqueue: int = typer.Option(', 'enqueue_batch_size: int = typer.Option(', 'requests_per_second: list[float] = typer.Option(', 'concurrency_limit: list[int] = typer.Option(', 'output_json: Path | None = typer.Option(', 'tablefmt=os.environ.get(add_prefix(""TABLEFMT""), ""pretty""),', 'return Queries(AsyncpgDriver(await asyncpg.connect(dsn=conninfo)))', 'pool = await asyncpg.create_pool(dsn=conninfo)', 'await psycopg.AsyncConnection.connect(conninfo=conninfo, autocommit=True)', 'async_rps, sync_rps = self.entrypoint_rps', 'async_cl, sync_cl = self.concurrency_limits', 'asyncfetch"", requests_per_second=async_rps, concurrency_limit=async_cl', 'self.pgq.entrypoint(""syncfetch"", requests_per_second=sync_rps, concurrency_limit=sync_cl)', 'await self.pgq.run(batch_size=self.batch_size)', 'random.sample(entrypoints, k=self.batch_size),', 'cnt = count()', 'q = await make_queries(settings.driver, dsn())', 'p = Producer(shutdown, q, settings.enqueue_batch_size, cnt)', 'with tqdm(ascii=True, unit="" job"", unit_scale=True, file=sys.stdout) as bar:', 'shutdown = asyncio.Event()', 'pgqs = list[PgQueuer]()', 'tqdm_format_dict = dict[str, str]()', '_, pending = await asyncio.wait(', 'return_when=asyncio.FIRST_COMPLETED,', 'loop = asyncio.get_event_loop()', 'qsize = await (await make_queries(settings.driver, dsn())).queue_size()', 'benchmark_result = BenchmarkResult(', 'created_at=datetime.now(timezone.utc),', 'driver=settings.driver,', 'elapsed=tqdm_format_dict[""elapsed""],', 'github_ref_name=os.environ.get(""REF_NAME"", """"),', 'queued=sum(x.count for x in qsize),', 'rate=float(tqdm_format_dict[""n""]) / float(tqdm_format_dict[""elapsed""]),', 'steps=tqdm_format_dict[""n""],', 'driver: DriverEnum = typer.Option(DriverEnum.apg, ""-d"", ""--driver""),', 'timer: float = typer.Option(30.0, ""-t"", ""--time""),', 'dequeue: int = typer.Option(5),', 'dequeue_batch_size: int = typer.Option(10),', 'enqueue: int = typer.Option(1),', 'enqueue_batch_size: int = typer.Option(10),', 'requests_per_second: list[float] = typer.Option([float(""inf""), float(""inf"")]),', 'concurrency_limit: list[int] = typer.Option([0, 0]),', 'output_json: Path | None = typer.Option(None),', 'driver=driver,', 'timer=timer,', 'dequeue=dequeue,', 'dequeue_batch_size=dequeue_batch_size,', 'enqueue=enqueue,', 'enqueue_batch_size=enqueue_batch_size,', 'requests_per_second=requests_per_second,', 'concurrency_limit=concurrency_limit,', 'output_json=output_json,', 'match driver:\n        case ""apg"":', 'match driver:\n        case ""apg"":', 'driver: DriverEnum = typer', 'timer: timedelta = typer', 'dequeue: int = typer', 'dequeue_batch_size: int = typer', 'enqueue: int = typer', 'enqueue_batch_size: int = typer', 'None:\n    cnt = count', 'driver: DriverEnum = typer', 'timer: float = typer', 'dequeue: int = typer', 'dequeue_batch_size: int = typer', 'enqueue: int = typer', 'enqueue_batch_size: int = typer', ' not None', ' not self', 'Path | None', 'Path | None', 'concurrency_limits\n\n        @self']","['decaratorfunc', 'decaratorfunc', 'decaratorclass', 'decaratorclass', 'simpleListComp', '__name__', 'withfunc', 'whilesimple', 'simpleclass', 'simpleclass', 'raise', 'openfunc', 'importfunc', 'importfunc', 'importfunc', 'importfunc', 'importfunc', 'importfunc', 'importfunc', 'importfunc', 'importfunc', 'importfunc', 'importfunc', 'importfunc', 'importfunc', 'importfunc', 'importfunc', 'importfunc', 'importfunc', 'importfunc', 'importfunc', 'importfunc', 'importfunc', 'importfunc', 'importfunc', 'importfromsimple', 'importfromsimple', 'importfromsimple', 'importfromsimple', 'importfromsimple', 'importfromsimple', 'importfromsimple', 'importfromsimple', 'importfromsimple', 'importfromsimple', 'importfromsimple', 'importfromsimple', 'simpleattr', 'simpleattr', 'rangefunc', 'rangefunc', 'rangefunc', 'simplefunc', 'simplefunc', 'simplefunc', 'simplefunc', 'simplefunc', 'simplefunc', 'return', 'return', 'return', 'simpleif', 'simpleif', 'printfunc', 'printfunc', 'printfunc', 'printfunc', 'simpleTuple', 'simpleTuple', 'simpleList', 'simpleList', 'simpleList', 'simpleList', 'simpleList', 'forsimple', 'forsimple', 'forsimple', 'forsimple', 'forsimple', 'simpleAssign', 'simpleAssign', 'simpleAssign', 'simpleAssign', 'simpleAssign', 'simpleAssign', 'simpleAssign', 'simpleAssign', 'simpleAssign', 'simpleAssign', 'simpleAssign', 'simpleAssign', 'simpleAssign', 'simpleAssign', 'simpleAssign', 'simpleAssign', 'simpleAssign', 'simpleAssign', 'simpleAssign', 'simpleAssign', 'simpleAssign', 'simpleAssign', 'simpleAssign', 'simpleAssign', 'simpleAssign', 'simpleAssign', 'simpleAssign', 'simpleAssign', 'simpleAssign', 'simpleAssign', 'simpleAssign', 'simpleAssign', 'simpleAssign', 'simpleAssign', 'simpleAssign', 'simpleAssign', 'simpleAssign', 'simpleAssign', 'simpleAssign', 'simpleAssign', 'simpleAssign', 'simpleAssign', 'simpleAssign', 'simpleAssign', 'simpleAssign', 'simpleAssign', 'simpleAssign', 'simpleAssign', 'simpleAssign', 'simpleAssign', 'simpleAssign', 'simpleAssign', 'simpleAssign', 'simpleAssign', 'simpleAssign', 'simpleAssign', 'simpleAssign', 'simpleAssign', 'matchValue', 'matchCase', 'annAssign', 'annAssign', 'annAssign', 'annAssign', 'annAssign', 'annAssign', 'annAssign', 'annAssign', 'annAssign', 'annAssign', 'annAssign', 'annAssign', 'annAssign', 'unaryNot', 'unaryNot', 'bitOr', 'bitOr', 'mathMul']",84,46,15,4,4,2
